 0.0 0.0
 5.0e-2 0.0
 0.1 0.0
 0.15000000000000002 0.0
 0.20000000000000004 0.0
 0.25000000000000006 0.0
 0.30000000000000004 0.0
 0.35000000000000003 0.0
 0.4 0.0
 0.45 0.0
 0.5 0.0
 0.55 0.0
 0.6000000000000001 0.0
 0.6500000000000001 0.0
 0.7000000000000002 0.0
 0.7500000000000002 0.0
 0.8000000000000003 0.0
 0.8500000000000003 0.0
 0.9000000000000004 0.0
 0.9500000000000004 0.0
 1.0000000000000004 0.0
 1.0500000000000005 0.0
 1.1000000000000005 0.0
 1.1500000000000006 0.0
 1.2000000000000006 0.0
 1.2500000000000007 0.0
 1.3000000000000007 0.0
 1.3500000000000008 0.0
 1.4000000000000008 0.0
 1.4500000000000008 0.0
 1.5000000000000009 0.0
 1.550000000000001 0.0
 1.600000000000001 0.0
 1.650000000000001 0.0
 1.700000000000001 0.0
 1.750000000000001 0.0
 1.8000000000000012 0.0
 1.8500000000000012 0.0
 1.9000000000000012 0.0
 1.9500000000000013 0.0
 2.0000000000000013 0.0
 2.0500000000000016 0.0
 2.100000000000002 0.0
 2.150000000000002 0.0
 2.2000000000000024 0.0
 2.2500000000000027 0.0
 2.300000000000003 0.0
 2.350000000000003 0.0
 2.4000000000000035 -1.3000000000000052
 2.4500000000000037 -1.3720187881113017
 2.500000000000004 -1.4441945565136536
 2.5500000000000043 -1.5165266896601695
 2.6000000000000045 -2.699999999999998
 2.650000000000005 -2.6755035746919216
 2.700000000000005 -2.6510655925416855
 2.7500000000000053 -2.626686264064535
 2.8000000000000056 -2.6023657997757144
 2.850000000000006 -2.578104410190467
 2.900000000000006 -2.5539023058240384
 2.9500000000000064 -2.529759697191673
 3.0000000000000067 -2.5056767948086147
 3.050000000000007 -2.4816538091901075
 3.100000000000007 -2.4576909508513958
 3.1500000000000075 -2.4337884303077253
 3.2000000000000077 -4.405809764254886e-16
 3.250000000000008 -2.9256330132743005e-3
 3.3000000000000083 -5.866595492493886e-3
 3.3500000000000085 -8.822807543475487e-3
 3.400000000000009 -1.1794189272035403e-2
 3.450000000000009 -1.4780660783989921e-2
 3.5000000000000093 -1.7782142185155333e-2
 3.5500000000000096 -2.079855358134794e-2
 3.60000000000001 -2.7000000000000015
 3.65000000000001 -2.7068235210080265
 3.7000000000000104 -2.713557533878477
 3.7500000000000107 -2.72020226521502
 3.800000000000011 -2.7267579416213223
 3.850000000000011 -2.7332247897010506
 3.9000000000000115 -2.7396030360578716
 3.9500000000000117 -2.7458929072954517
 4.000000000000012 -2.699999999999998
 4.050000000000013 -2.6902709655589856
 4.100000000000014 -2.680533318594623
 4.150000000000015 -2.670787207955017
 4.200000000000015 -2.661032782488273
 4.250000000000016 -2.651270191042497
 4.300000000000017 -2.641499582465796
 4.350000000000017 -2.631721105606276
 4.400000000000018 -2.621934909312042
 4.450000000000019 -2.6121411424312027
 4.5000000000000195 -2.602339953811862
 4.55000000000002 -2.592531492302127
 4.600000000000021 -2.5827159067501047
 4.650000000000022 -2.5728933460039
 4.700000000000022 -2.563063958911619
 4.750000000000023 -2.5532278943213695
 4.800000000000024 -2.5433853010812566
 4.8500000000000245 -2.5335363280393874
 4.900000000000025 -2.5236811240438666
 4.950000000000026 -2.513819837942802
 5.000000000000027 -2.503952618584298
 5.050000000000027 -2.494079614816463
 5.100000000000028 -2.4842009754874015
 5.150000000000029 -2.474316849445221
 5.2000000000000295 -2.4644273855380265
 5.25000000000003 -2.4545327326139255
 5.300000000000031 -2.4446330395210225
 5.350000000000032 -2.4347284551074257
 5.400000000000032 -2.42481912822124
 5.450000000000033 -2.414905207710572
 5.500000000000034 -2.4049868424235283
 5.5500000000000345 -2.3950641812082143
 5.600000000000035 -2.385137372912737
 5.650000000000036 -2.375206566385202
 5.700000000000037 -2.365271910473716
 5.750000000000037 -2.355333554026385
 5.800000000000038 -2.3453916458913153
 5.850000000000039 -2.3354463349166132
 5.900000000000039 -2.3254977699503843
 5.95000000000004 -2.3155460998407356
 6.000000000000041 -2.3055914734357734
 6.050000000000042 -2.2956340395836032
 6.100000000000042 -2.285673947132332
 6.150000000000043 -2.2757113449300657
 6.200000000000044 -2.699999999999997
 6.250000000000044 -2.6965415005889124
 6.300000000000045 -2.693112099210885
 6.350000000000046 -2.689711705509341
 6.4000000000000465 -2.6863402291277065
 6.450000000000047 -2.6829975797094074
 6.500000000000048 -2.6796836668978705
 6.550000000000049 -2.676398400336521
 6.600000000000049 -1.3000000000000016
 6.65000000000005 -1.3015633909323705
 6.700000000000051 -1.3031344084430585
 6.7500000000000515 -1.3047130135414484
 6.800000000000052 -2.700000000000001
 6.850000000000053 -2.700775273859397
 6.900000000000054 -2.70151683232001
 6.950000000000054 -2.702224775095016
 7.000000000000055 -2.7028992018975897
 7.050000000000056 -2.7035402124409065
 7.1000000000000565 -2.7041479064381417
 7.150000000000057 -2.7047223836024705
 7.200000000000058 -2.705263743647068
 7.250000000000059 -2.70577208628511
 7.300000000000059 -2.7062475112297704
 7.35000000000006 -2.706690118194225
 7.400000000000061 -2.7071000068916504
 7.4500000000000615 -2.7074772770352205
 7.500000000000062 -2.70782202833811
 7.550000000000063 -2.7081343605134953
 7.600000000000064 -2.7084143732745516
 7.650000000000064 -2.708662166334453
 7.700000000000065 -2.7088778394063757
 7.750000000000066 -2.709061492203495
 7.800000000000066 -2.6999999999999877
 7.850000000000067 -2.6908006417863595
 7.900000000000068 -2.6815700291840687
 7.950000000000069 -2.672308166662092
 8.00000000000007 -2.663015058689405
 8.05000000000007 -2.6536907097349847
 8.10000000000007 -2.6443351242678066
 8.150000000000071 -2.634948306756848
 8.200000000000072 -1.3000000000000065
 8.250000000000073 -1.304395331572138
 8.300000000000074 -1.3087991384106035
 8.350000000000074 -1.3132113228885633
 8.400000000000075 -1.3176317873791767
 8.450000000000076 -1.3220604342556037
 8.500000000000076 -1.3264971658910039
 8.550000000000077 -1.3309418846585377
 8.600000000000078 -1.3353944929313637
 8.650000000000079 -1.3398548930826426
 8.70000000000008 -1.3443229874855338
 8.75000000000008 -1.3487986785131976
 8.80000000000008 -2.699999999999998
 8.850000000000081 -2.6985396627060414
 8.900000000000082 -2.6970803304978332
 8.950000000000083 -2.6956220489740326
 9.000000000000083 -2.6941648637333038
 9.050000000000084 -2.692708820374307
 9.100000000000085 -2.6912539644957048
 9.150000000000086 -2.689800341696158
 9.200000000000086 -2.688347997574329
 9.250000000000087 -2.68689697772888
 9.300000000000088 -2.685447327758472
 9.350000000000088 -2.6839990932617677
 9.40000000000009 -2.682552319837427
 9.45000000000009 -2.681107053084114
 9.50000000000009 -2.679663338600488
 9.550000000000091 -2.6782212219852135
 9.600000000000092 -2.7000000000000193
 9.650000000000093 -2.7103343555516948
 9.700000000000093 -2.7207198589152646
 9.750000000000094 -2.7311565935987567
 9.800000000000095 -2.741644643110198
 9.850000000000096 -2.7521840909576176
 9.900000000000096 -2.7627750206490425
 9.950000000000097 -2.773417515692502
 10.000000000000098 -5.399999999999984
 10.050000000000098 -5.391995888853843
 10.1000000000001 -5.383975759026772
 10.1500000000001 -5.375939778646553
 10.2000000000001 -2.699999999999995
 10.250000000000101 -2.6973471561239006
 10.300000000000102 -2.69471144486557
 10.350000000000103 -2.6920929212984333
 10.400000000000103 -2.689491640495923
 10.450000000000104 -2.6869076575314716
 10.500000000000105 -2.6843410274785113
 10.550000000000106 -2.681791805410474
 10.600000000000106 -5.39999999999998
 10.650000000000107 -5.390273212689538
 10.700000000000108 -5.380559674358613
 10.750000000000108 -5.370859394798932
 10.800000000000109 -5.361172383802217
 10.85000000000011 -5.351498651160199
 10.90000000000011 -5.341838206664599
 10.950000000000111 -5.332191060107148
 11.000000000000112 2.2478443622960155e-14
 11.050000000000113 1.0049352505149213e-2
 11.100000000000113 2.0111344846899474e-2
 11.150000000000114 3.0186019242278827e-2
 11.200000000000115 4.027341790829285e-2
 11.250000000000115 5.03735830619471e-2
 11.300000000000116 6.048655692024717e-2
 11.350000000000117 7.06123817001986e-2
 11.400000000000118 -2.6999999999999984
 11.450000000000118 -2.6992530229133784
 11.500000000000119 -2.6984631601073494
 11.55000000000012 -2.6976304906631126
 11.60000000000012 -2.696755093661869
 11.650000000000121 -2.695837048184818
 11.700000000000122 -2.6948764333131607
 11.750000000000123 -2.693873328128098
 11.800000000000123 -2.6928278117108295
 11.850000000000124 -2.6917399631425556
 11.900000000000125 -2.6906098615044782
 11.950000000000125 -2.6894375858777964
 12.000000000000126 -2.6882232153437116
 12.050000000000127 -2.6869668289834236
 12.100000000000128 -2.685668505878133
 12.150000000000128 -2.684328325109041
 12.200000000000129 -2.682946365757347
 12.25000000000013 -2.681522706904252
 12.30000000000013 -2.6800574276309574
 12.350000000000131 -2.6785506070186624
 12.400000000000132 -2.677002324148568
 12.450000000000133 -2.675412658101875
 12.500000000000133 -2.673781687959783
 12.550000000000134 -2.6721094928034934
 12.600000000000135 -2.6703961517142063
 12.650000000000135 -2.6686417437731222
 12.700000000000136 -2.666846348061442
 12.750000000000137 -2.6650100436603656
 12.800000000000137 -2.663132909651093
 12.850000000000138 -2.661215025114827
 12.900000000000139 -2.659256469132765
 12.95000000000014 -2.6572573207861105
 13.00000000000014 -2.6552176591560617
 13.050000000000141 -2.65313756332382
 13.100000000000142 -2.651017112370586
 13.150000000000142 -2.64885638537756
 13.200000000000143 -2.6999999999999615
 13.250000000000144 -2.686597335360335
 13.300000000000145 -2.6731542012778076
 13.350000000000145 -2.6596706015973073
 13.400000000000146 -2.6461465401637603
 13.450000000000147 -2.632582020822094
 13.500000000000147 -2.618977047417236
 13.550000000000148 -2.6053316237941133
 13.600000000000149 -5.53983554950694e-14
 13.65000000000015 -1.8528116424294597e-2
 13.70000000000015 -3.69857314071025e-2
 13.750000000000151 -5.5372925023555356e-2
 13.800000000000152 -13.300000000000033
 13.850000000000152 -13.310734042655994
 13.900000000000153 -13.321459021656551
 13.950000000000154 -13.332175031209756
 14.000000000000155 -13.34288216552367
 14.050000000000155 -13.35358051880635
 14.100000000000156 -13.36427018526585
 14.150000000000157 -13.374951259110226
 14.200000000000157 -13.38562383454754
 14.250000000000158 -13.396288005785841
 14.300000000000159 -13.406943867033194
 14.35000000000016 -13.417591512497651
 14.40000000000016 -13.42823103638727
 14.450000000000161 -13.438862532910107
 14.500000000000162 -13.44948609627422
 14.550000000000162 -13.460101820687667
 14.600000000000163 -2.70000000000001
 14.650000000000164 -2.7030402165008134
 14.700000000000164 -2.706205409590573
 14.750000000000165 -2.7094956767223852
 14.800000000000166 -22.799999999999926
 14.850000000000167 -22.777341815804384
 14.900000000000167 -22.75433620241916
 14.950000000000168 -22.730984490290236
 15.000000000000169 -22.707288009863603
 15.05000000000017 -22.68324809158525
 15.10000000000017 -22.658866065901158
 15.15000000000017 -22.63414326325732
 15.200000000000172 -22.609081014099726
 15.250000000000172 -22.583680648874356
 15.300000000000173 -22.557943498027203
 15.350000000000174 -22.53187089200425
 15.400000000000174 -40.200000000000045
 15.450000000000175 -40.21293318279406
 15.500000000000176 -40.22619954344246
 15.550000000000177 -40.2397976123765
 15.600000000000177 -21.500000000000117
 15.650000000000178 -21.532637113357858
 15.700000000000179 -21.565065721531056
 15.75000000000018 -21.597286033283474
 15.80000000000018 -42.89999999999996
 15.85000000000018 -42.890476305308866
 15.900000000000182 -42.88116962234088
 15.950000000000182 -42.87207962620341
 16.000000000000185 -21.500000000000153
 16.05000000000019 -21.541199454958452
 16.100000000000193 -21.5822668424606
 16.150000000000198 -21.623202025488663
 16.200000000000202 -5.400000000000327
 16.250000000000206 -5.480959972299346
 16.30000000000021 -5.562520634044711
 16.350000000000215 -5.644682512070772
 16.40000000000022 -58.99999999999946
 16.450000000000223 -58.87731340162395
 16.500000000000227 -58.754638291328526
 16.55000000000023 -58.63197589804214
 16.600000000000236 -70.99999999999999
 16.65000000000024 -70.99804831521882
 16.700000000000244 -70.99581067920118
 16.75000000000025 -70.99328794557933
 16.800000000000253 -37.50000000000039
 16.850000000000257 -37.577021911168636
 16.90000000000026 -37.65442420479988
 16.950000000000266 -37.732206810503875
 17.00000000000027 -37.81036965789037
 17.050000000000274 -37.8889126765691
 17.10000000000028 -37.967835796149814
 17.150000000000283 -38.047138946242264
 17.200000000000287 -38.12682205645619
 17.25000000000029 -38.20688505640134
 17.300000000000296 -38.28732787568745
 17.3500000000003 -38.368150443924286
 17.400000000000304 -38.449352690721575
 17.45000000000031 -38.53093454568907
 17.500000000000313 -38.612895938436516
 17.550000000000317 -38.69523679857365
 17.60000000000032 -99.10000000000025
 17.650000000000325 -99.14061340692261
 17.70000000000033 -99.18127840512382
 17.750000000000334 -99.22199464938502
 17.800000000000338 -112.4999999999988
 17.850000000000342 -112.32235462338403
 17.900000000000347 -112.14394081468095
 17.95000000000035 -111.9647576328518
 18.000000000000355 -111.78480413685887
 18.05000000000036 -111.60407938566432
 18.100000000000364 -111.4225824382305
 18.150000000000368 -111.24031235351961
 18.200000000000372 -111.05726819049387
 18.250000000000377 -110.87344900811559
 18.30000000000038 -110.68885386534696
 18.350000000000385 -110.50348182115027
 18.40000000000039 -110.31733193448774
 18.450000000000394 -110.13040326432164
 18.500000000000398 -109.94269486961419
 18.550000000000402 -109.75420580932766
 18.600000000000406 -123.10000000000106
 18.65000000000041 -123.23086902608051
 18.700000000000415 -123.36166559155602
 18.75000000000042 -123.49238905819864
 18.800000000000423 -123.62303878777941
 18.850000000000428 -123.75361414206938
 18.900000000000432 -123.88411448283956
 18.950000000000436 -124.01453917186102
 19.00000000000044 -124.14488757090477
 19.050000000000445 -124.27515904174186
 19.10000000000045 -124.40535294614334
 19.150000000000453 -124.53546864588023
 19.200000000000458 -85.60000000000066
 19.250000000000462 -85.67280238800376
 19.300000000000466 -85.74616335487119
 19.35000000000047 -85.82008079223756
 19.400000000000475 -127.1999999999986
 19.45000000000048 -127.05226429622152
 19.500000000000483 -126.90386304432108
 19.550000000000487 -126.7548005697994
 19.60000000000049 -123.09999999999896
 19.650000000000496 -122.99485446346112
 19.7000000000005 -122.88961475234551
 19.750000000000504 -122.78428169738672
 19.80000000000051 -122.67885612931927
 19.850000000000513 -122.57333887887773
 19.900000000000517 -122.46773077679669
 19.95000000000052 -122.36203265381063
 20.000000000000526 -122.25624534065417
 20.05000000000053 -122.15036966806186
 20.100000000000534 -122.04440646676825
 20.15000000000054 -121.93835656750788
 20.200000000000543 -117.90000000000028
 20.250000000000547 -117.92470602245209
 20.30000000000055 -117.94938990354379
 20.350000000000556 -117.97405138939403
 20.40000000000056 -133.99999999999935
 20.450000000000564 -133.9420390626725
 20.50000000000057 -133.8837398042636
 20.550000000000573 -133.825101770779
 20.600000000000577 -133.76612450822503
 20.65000000000058 -133.7068075626079
 20.700000000000585 -133.64715047993403
 20.75000000000059 -133.58715280620962
 20.800000000000594 -133.5268140874411
 20.8500000000006 -133.4661338696347
 20.900000000000603 -133.4051116987967
 20.950000000000607 -133.3437471209335
 21.00000000000061 -133.28203968205133
 21.050000000000615 -133.21998892815657
 21.10000000000062 -133.15759440525545
 21.150000000000624 -133.09485565935432
 21.200000000000628 -101.90000000000033
 21.250000000000632 -101.92667317113245
 21.300000000000637 -101.95452364120078
 21.35000000000064 -101.98354581918674
 21.400000000000645 51.2999999999971
 21.45000000000065 51.07523438054712
 21.500000000000654 50.84916158920162
 21.550000000000658 50.62178144866825
 21.600000000000662 -108.39999999999387
 21.650000000000666 -107.93394675489463
 21.70000000000067 -107.46578750189228
 21.750000000000675 -106.99553502376772
 21.80000000000068 -123.09999999999711
 21.850000000000684 -122.88746195018444
 21.900000000000688 -122.67499157520014
 21.950000000000692 -122.4625919764137
 22.000000000000696 -123.09999999999998
 22.0500000000007 -123.09926138409199
 22.100000000000705 -123.09849907453928
 22.15000000000071 -123.0977134069582
 22.200000000000713 -123.09690471696514
 22.250000000000718 -123.09607334017646
 22.300000000000722 -123.0952196122085
 22.350000000000726 -123.09434386867763
 22.40000000000073 -123.09344644520024
 22.450000000000735 -123.09252767739265
 22.50000000000074 -123.09158790087127
 22.550000000000743 -123.09062745125243
 22.600000000000747 -123.0896466641525
 22.65000000000075 -123.08864587518784
 22.700000000000756 -123.08762541997483
 22.75000000000076 -123.08658563412983
 22.800000000000765 -123.08552685326917
 22.85000000000077 -123.08444941300928
 22.900000000000773 -123.08335364896647
 22.950000000000777 -123.0822398967571
 23.00000000000078 -123.08110849199757
 23.050000000000786 -123.0799597703042
 23.10000000000079 -123.07879406729339
 23.150000000000794 -123.07761171858148
 23.2000000000008 -128.4999999999994
 23.250000000000803 -128.4630781536313
 23.300000000000807 -128.4259857546124
 23.35000000000081 -128.38872260195052
 23.400000000000816 -112.50000000000075
 23.45000000000082 -112.54596054290933
 23.500000000000824 -112.59218586084616
 23.55000000000083 -112.63867427378538
 23.600000000000833 -112.68542410170122
 23.650000000000837 -112.73243366456784
 23.70000000000084 -112.77970128235943
 23.750000000000846 -112.82722527505018
 23.80000000000085 -112.87500396261424
 23.850000000000854 -112.92303566502584
 23.90000000000086 -112.97131870225914
 23.950000000000863 -113.01985139428831
 24.000000000000867 -95.09999999999916
 24.05000000000087 -95.05143755079517
 24.100000000000875 -95.0026401230198
 24.15000000000088 -94.95360703997446
 24.200000000000884 -53.50000000000001
 24.250000000000888 -53.50043350549984
 24.300000000000892 -53.50088476331895
 24.350000000000897 -53.501353423167416
 24.4000000000009 -53.50183913475538
 24.450000000000905 -53.502341547792916
 24.50000000000091 -53.502860311990176
 24.550000000000914 -53.50339507705725
 24.600000000000918 -64.39999999999935
 24.650000000000922 -64.36395669437468
 24.700000000000927 -64.32780853403175
 24.75000000000093 -64.29155601677358
 24.800000000000935 -64.25519964040305
 24.85000000000094 -64.21873990272316
 24.900000000000944 -64.1821773015368
 24.950000000000948 -64.14551233464694
 25.000000000000952 -72.29999999999886
 25.050000000000956 -72.23995271026399
 25.10000000000096 -72.1798406958272
 25.150000000000965 -72.1196648223542
 25.20000000000097 -72.05942595551075
 25.250000000000973 -71.99912496096259
 25.300000000000978 -71.93876270437542
 25.350000000000982 -71.87834005141501
 25.400000000000986 -26.800000000001177
 25.45000000000099 -26.85963361446836
 25.500000000000995 -26.91955671879396
 25.550000000001 -26.97976686199586
 25.600000000001003 -5.400000000005989
 25.650000000001008 -5.699445206105987
 25.700000000001012 -6.000036473800028
 25.750000000001016 -6.301774925454411
 25.80000000000102 -6.604661683435435
 25.850000000001025 -6.908697870109398
 25.90000000000103 -7.213884607842601
 25.950000000001033 -7.5202230190013415
 26.000000000001037 -107.09999999999174
 26.05000000000104 -106.7014886550358
 26.100000000001046 -106.30209228405384
 26.15000000000105 -105.90181938062435
 26.200000000001054 -65.59999999999651
 26.25000000000106 -65.4346966479064
 26.300000000001063 -65.26906094235561
 26.350000000001067 -65.10309512689294
 26.40000000000107 -15.999999999998685
 26.450000000001076 -15.93880420904507
 26.50000000000108 -15.87778926711657
 26.550000000001084 -15.816955844494116
 26.60000000000109 -15.756304611458635
 26.650000000001093 -15.69583623829106
 26.700000000001097 -15.635551395272318
 26.7500000000011 -15.575450752683336
 26.800000000001106 -15.515534980805047
 26.85000000000111 -15.455804749918379
 26.900000000001114 -15.39626073030426
 26.95000000000112 -15.33690359224362
 27.000000000001123 -45.599999999997415
 27.050000000001127 -45.484638420897255
 27.10000000000113 -45.36899662577509
 27.150000000001135 -45.253076642801716
 27.20000000000114 3.9999999999991656
 27.250000000001144 3.963445145065691
 27.30000000000115 3.9269687685355152
 27.350000000001153 3.890571469728767
 27.400000000001157 3.8542538479655777
 27.45000000000116 3.818016502566078
 27.500000000001165 3.781860032850399
 27.55000000000117 3.7457850381386706
 27.600000000001174 11.999999999999048
 27.650000000001178 11.959429100638388
 27.700000000001182 11.918877030293338
 27.750000000001187 11.878344058598904
 27.80000000000119 11.837830455190103
 27.850000000001195 11.797336489701943
 27.9000000000012 11.75686243176944
 27.950000000001204 11.716408551027602
 28.000000000001208 11.67597511711144
 28.050000000001212 11.635562399655969
 28.100000000001216 11.595170668296198
 28.15000000000122 11.554800192667143
 28.200000000001225 -21.499999999997076
 28.25000000000123 -21.38040729324876
 28.300000000001234 -21.2602031485665
 28.350000000001238 -21.139386810690986
 28.400000000001242 46.89999999999296
 28.450000000001246 46.616574284752744
 28.50000000000125 46.332395434261265
 28.550000000001255 46.04746344667019
 28.60000000000126 -17.399999999992772
 28.650000000001263 -17.11234131847339
 28.700000000001268 -16.82408685150189
 28.750000000001272 -16.53524299205861
 28.800000000001276 -16.245816133123927
 28.85000000000128 -15.955812667678183
 28.900000000001285 -15.665238988701738
 28.95000000000129 -15.374101489174945
 29.000000000001293 -15.082406562078166
 29.050000000001297 -14.790160600391747
 29.1000000000013 -14.497369997096053
 29.150000000001306 -14.204041145171432
 29.20000000000131 -13.910180437598244
 29.250000000001315 -13.615794267356842
 29.30000000000132 -13.320889027427583
 29.350000000001323 -13.025471110790823
 29.400000000001327 36.20000000000859
 29.45000000000133 36.52366199553647
 29.500000000001336 36.847984218965856
 29.55000000000134 37.172966742768004
 29.600000000001344 37.49860963941415
 29.65000000000135 37.82491298137555
 29.700000000001353 38.151876841123446
 29.750000000001357 38.47950129112909
 29.80000000000136 38.80778640386374
 29.850000000001366 39.13673225179862
 29.90000000000137 39.46633890740499
 29.950000000001374 39.79660644315409
 30.00000000000138 40.12753493151718
 30.050000000001383 40.4591244449655
 30.100000000001387 40.7913750559703
 30.15000000000139 41.12428683700282
 30.200000000001396 74.99999999999437
 30.2500000000014 74.79852628875432
 30.300000000001404 74.59677896373402
 30.35000000000141 74.39476281349354
 30.400000000001413 74.19248262659296
 30.450000000001417 73.98994319159229
 30.50000000000142 73.7871492970516
 30.550000000001425 73.58410573153095
 30.60000000000143 73.38081728359037
 30.650000000001434 73.17728874178994
 30.700000000001438 72.97352489468973
 30.750000000001442 72.76953053084975
 30.800000000001447 72.56531043883007
 30.85000000000145 72.36086940719076
 30.900000000001455 72.15621222449185
 30.95000000000146 71.95134367929342
 31.000000000001464 8.099999999999527
 31.050000000001468 8.084022493934423
 31.100000000001472 8.068426971851359
 31.150000000001477 8.053214242056727
 31.20000000000148 54.89999999999347
 31.250000000001485 54.67942238835648
 31.30000000000149 54.45829266781986
 31.350000000001494 54.23661572469032
 31.400000000001498 54.014396445274514
 31.450000000001502 53.791639715879136
 31.500000000001506 53.568350422810845
 31.55000000000151 53.344533452376325
 31.600000000001515 53.12019369088226
 31.65000000000152 52.89533602463532
 31.700000000001523 52.66996533994217
 31.750000000001528 52.44408652310951
 31.800000000001532 52.21770446044401
 31.850000000001536 51.99082403825234
 31.90000000000154 51.76345014284117
 31.950000000001545 51.5355876605172
 32.00000000000155 46.90000000000004
 32.05000000000155 46.901485036835844
 32.10000000000156 46.903069595677884
 32.15000000000156 46.90475297905217
 32.200000000001566 46.90653448948472
 32.25000000000157 46.90841342950157
 32.300000000001575 46.91038910162875
 32.35000000000158 46.91246080839227
 32.40000000000158 46.914627852318155
 32.45000000000159 46.916889535932434
 32.50000000000159 46.91924516176115
 32.550000000001596 46.92169403233029
 32.6000000000016 46.924235450165895
 32.650000000001604 46.926868717793994
 32.70000000000161 46.92959313774061
 32.75000000000161 46.932408012531766
 32.80000000000162 16.000000000001915
 32.85000000000162 16.059282739499384
 32.900000000001626 16.118853718215643
 32.95000000000163 16.17871315761093
 33.000000000001634 16.238861279145468
 33.05000000000164 16.299298304279496
 33.10000000000164 16.36002445447326
 33.15000000000165 16.421039951186973
 33.20000000000165 16.48234501588088
 33.250000000001656 16.543939870015215
 33.30000000000166 16.605824735050216
 33.350000000001664 16.667999832446107
 33.40000000000167 45.599999999994715
 33.45000000000167 45.44147751756192
 33.50000000000168 45.28271325537122
 33.55000000000168 45.12371017318525
 33.600000000001685 44.96447123076669
 33.65000000000169 44.804999387878205
 33.700000000001694 44.64529760428244
 33.7500000000017 44.48536883974207
 33.8000000000017 1.300000000005247
 33.85000000000171 1.454263623798467
 33.90000000000171 1.609371428718429
 33.950000000001715 1.7653246853843254
 34.00000000000172 1.9221246644153474
 34.050000000001724 2.079772636430687
 34.10000000000173 2.238269872049536
 34.15000000000173 2.397617641891086
 34.20000000000174 2.5578172165745285
 34.25000000000174 2.718869866719056
 34.300000000001745 2.880776862943859
 34.35000000000175 3.0435394758681307
 34.400000000001754 74.99999999998518
 34.45000000000176 74.57756920297987
 34.50000000000176 74.15442950681225
 34.550000000001766 73.73059020375584
 34.60000000000177 73.30606058608407
 34.650000000001775 72.88084994607046
 34.70000000000178 72.45496757598845
 34.75000000000178 72.0284227681115
 34.80000000000179 -16.0000000000152
 34.85000000000179 -16.42475183710576
 34.900000000001796 -16.850252438103055
 34.9500000000018 -17.276501838350978
 35.000000000001805 -17.703500073193425
 35.05000000000181 -18.131247177974288
 35.10000000000181 -18.559743188037473
 35.15000000000182 -18.98898813872687
 35.20000000000182 69.6000000000046
 35.250000000001826 69.72636626441177
 35.30000000000183 69.85256573460994
 35.350000000001835 69.9785979748101
 35.40000000000184 34.80000000000745
 35.45000000000184 35.0028037812687
 35.50000000000185 35.20608106107517
 35.55000000000185 35.40982771131739
 35.600000000001856 -37.49999999998406
 35.65000000000186 -37.06995860277759
 35.700000000001864 -36.639143218164286
 35.75000000000187 -36.207564873770906
 35.80000000000187 -35.77523459722421
 35.85000000000188 -35.34216341615094
 35.90000000000188 -34.90836235817783
 35.950000000001886 -34.473842450931635
 36.00000000000189 -34.03861472203912
 36.050000000001894 -33.602690199127025
 36.1000000000019 -33.16607990982209
 36.1500000000019 -32.72879488175108
 36.20000000000191 46.89999999999412
 36.25000000000191 46.74555300988095
 36.300000000001916 46.59088336777873
 36.35000000000192 46.435995400961815
 36.400000000001924 46.28089343670455
 36.45000000000193 46.12558180228129
 36.50000000000193 45.970064824966364
 36.55000000000194 45.81434683203414
 36.60000000000194 45.65843215075894
 36.650000000001945 45.502325108415135
 36.70000000000195 45.346030032277056
 36.750000000001954 45.189551249619065
 36.80000000000196 45.03289308771549
 36.85000000000196 44.876059873840696
 36.90000000000197 44.71905593526902
 36.95000000000197 44.56188559927481
 37.000000000001975 44.404553193132415
 37.05000000000198 44.24706304411617
 37.100000000001984 44.08941947950045
 37.15000000000199 43.93162682655957
 37.20000000000199 43.7736894125679
 37.250000000002 43.61561156479977
 37.300000000002 43.45739761052954
 37.350000000002005 43.29905187703156
 37.40000000000201 43.14057869158015
 37.450000000002014 42.98198238144969
 37.50000000000202 42.82326727391451
 37.55000000000202 42.66443769624896
 37.60000000000203 42.50549797572739
 37.65000000000203 42.34645243962414
 37.700000000002035 42.18730541521355
 37.75000000000204 42.028061229769996
 37.80000000000204 41.8687242105678
 37.85000000000205 41.709298684881304
 37.90000000000205 41.54978897998488
 37.950000000002056 41.39019942315286
 38.00000000000206 5.400000000001385
 38.050000000002065 5.433643209142336
 38.10000000000207 5.467363216905742
 38.15000000000207 5.501158610452876
 38.20000000000208 5.535027976945009
 38.25000000000208 5.5689699035434135
 38.300000000002086 5.60298297740936
 38.35000000000209 5.637065785704121
 38.400000000002095 5.67121691558897
 38.4500000000021 5.705434954225177
 38.5000000000021 5.739718488774014
 38.55000000000211 5.774066106396754
 38.60000000000211 5.808476394254667
 38.650000000002116 5.842947939509026
 38.70000000000212 5.877479329321103
 38.750000000002125 5.912069150852169
 38.80000000000213 5.946715991263496
 38.85000000000213 5.981418437716356
 38.90000000000214 6.016175077372021
 38.95000000000214 6.050984497391763
 39.000000000002146 6.0858452849368545
 39.05000000000215 6.120756027168565
 39.100000000002154 6.155715311248168
 39.15000000000216 6.190721724336935
 39.20000000000216 -1.3000000000033551
 39.25000000000217 -1.3777920521338467
 39.30000000000217 -1.4558486771254608
 39.350000000002176 -1.5341702392548417
 39.40000000000218 -21.499999999994426
 39.450000000002184 -21.37215460654812
 39.50000000000219 -21.244078429774927
 39.55000000000219 -21.115774747766977
 39.6000000000022 -20.987246838616397
 39.6500000000022 -20.858497980415315
 39.700000000002206 -20.729531451255856
 39.75000000000221 -20.600350529230155
 39.800000000002214 -20.470958492430338
 39.85000000000222 -20.34135861894853
 39.90000000000222 -20.211554186876864
 39.95000000000223 -20.081548474307464
 40.00000000000223 -13.299999999989804
 40.050000000002235 -13.071224276620601
 40.10000000000224 -12.84187234376362
 40.150000000002244 -12.611943842396762
 40.20000000000225 -12.381438413497916
 40.25000000000225 -12.150355698044974
 40.30000000000226 -11.918695337015828
 40.35000000000226 -11.68645697138837
 40.400000000002265 30.799999999986532
 40.45000000000227 30.50264618693959
 40.500000000002274 30.20482147532873
 40.55000000000228 29.906533185077247
 40.60000000000228 29.607788636108413
 40.65000000000229 29.30859514834552
 40.70000000000229 29.008960041711852
 40.750000000002295 28.70889063613069
 40.8000000000023 28.408394251525316
 40.850000000002304 28.107478207819018
 40.90000000000231 27.806149824935073
 40.95000000000231 27.504416422796776
 41.000000000002316 27.202285321327402
 41.05000000000232 26.89976384045023
 41.100000000002325 26.59685930008856
 41.15000000000233 26.293579020165662
 41.20000000000233 25.989930320604824
 41.25000000000234 25.685920521329333
 41.30000000000234 25.381556942262467
 41.350000000002346 25.076846903327514
 41.40000000000235 24.771797724447755
 41.450000000002355 24.466416725546473
 41.50000000000236 24.160711226546958
 41.55000000000236 23.854688547372486
 41.60000000000237 29.399999999987344
 41.65000000000237 29.132400643859405
 41.700000000002376 28.86436654971727
 41.75000000000238 28.595903689461434
 41.800000000002385 28.327018034992395
 41.85000000000239 28.05771555821065
 41.90000000000239 27.788002231016705
 41.9500000000024 27.517884025311055
 42.0000000000024 27.247366912994195
 42.050000000002406 26.97645686596663
 42.10000000000241 26.70515985612885
 42.150000000002414 26.43348185538137
 42.20000000000242 26.16142883562467
 42.25000000000242 25.889006768759252
 42.30000000000243 25.616221626685622
 42.35000000000243 25.343079381304282
 42.400000000002436 -8.08645370281153e-12
 42.45000000000244 -0.16599482828166257
 42.500000000002444 -0.3321811329954335
 42.55000000000245 -0.4985586631589919
 42.60000000000245 -0.6651271677819304
 42.65000000000246 -0.8318863958738417
 42.70000000000246 -0.9988360964443185
 42.750000000002466 -1.1659760185029528
 42.80000000000247 -100.79999999997963
 42.850000000002474 -100.38744615488076
 42.90000000000248 -99.97351994804306
 42.95000000000248 -99.55822029746305
 43.00000000000249 -1.3000000000132486
 43.05000000000249 -1.5663760739621093
 43.100000000002495 -1.8327669901710186
 43.1500000000025 -2.099171272241649
 43.200000000002504 -2.3655874437756736
 43.25000000000251 -2.6320140283747655
 43.30000000000251 -2.898449549640598
 43.35000000000252 -3.1648925311748437
 43.40000000000252 -3.4313414965791753
 43.450000000002525 -3.6977949694552668
 43.50000000000253 -3.9642514734047913
 43.550000000002534 -4.230709532029421
 43.60000000000254 -4.497167668930827
 43.65000000000254 -4.763624407710687
 43.70000000000255 -5.030078271970671
 43.75000000000255 -5.296527785312452
 43.800000000002555 -5.562971471337703
 43.85000000000256 -5.829407853648099
 43.900000000002564 -6.095835455845312
 43.95000000000257 -6.362252801531012
 44.00000000000257 -5.09280063218195e-13
 44.050000000002576 -9.91858828969819e-3
 44.10000000000258 -1.98745589779295e-2
 44.150000000002585 -2.986772230177376e-2
 44.20000000000259 -3.9897888497801556e-2
 44.25000000000259 -4.996486780258345e-2
 44.3000000000026 -6.006847045269e-2
 44.3500000000026 -7.02085066846918e-2
 44.400000000002606 10.700000000000545
 44.45000000000261 10.710461114750794
 44.500000000002615 10.72094032744972
 44.55000000000262 10.731437693711815
 44.60000000000262 10.74195326915158
 44.65000000000263 10.75248710938351
 44.70000000000263 10.7630392700221
 44.750000000002636 10.773609806681847
 44.80000000000264 10.784198774977252
 44.850000000002645 10.794806230522804
 44.90000000000265 10.805432228933007
 44.95000000000265 10.816076825822355
 45.00000000000266 10.699999999999877
 45.05000000000266 10.697724132656159
 45.100000000002666 10.695507999258739
 45.15000000000267 10.693351178680219
 45.200000000002674 10.691253249793206
 45.25000000000268 10.689213791470301
 45.30000000000268 10.687232382584114
 45.35000000000269 10.685308602007243
 45.40000000000269 10.683442028612301
 45.450000000002696 10.681632241271886
 45.5000000000027 10.679878818858608
 45.550000000002704 10.678181340245068
 45.60000000000271 10.676539384303874
 45.65000000000271 10.674952529907628
 45.70000000000272 10.673420355928934
 45.75000000000272 10.671942441240404
 45.800000000002726 10.670518364714635
 45.85000000000273 10.669147705224237
 45.900000000002734 10.66783004164181
 45.95000000000274 10.666564952839963
 46.00000000000274 10.6653520176913
 46.05000000000275 10.664190815068425
 46.10000000000275 10.66308092384394
 46.150000000002755 10.662021922890458
 46.20000000000276 10.661013391080576
 46.250000000002764 10.660054907286902
 46.30000000000277 10.659146050382043
 46.35000000000277 10.658286399238598
 46.40000000000278 10.657475532729178
 46.45000000000278 10.656713029726385
 46.500000000002785 10.655998469102824
 46.55000000000279 10.655331429731099
 46.600000000002794 -26.799999999997695
 46.6500000000028 -26.758597371628124
 46.7000000000028 -26.716998986028614
 46.75000000000281 -26.67520471192892
 46.80000000000281 -26.633214418058802
 46.850000000002815 -26.591027973148027
 46.90000000000282 -26.548645245926355
 46.950000000002824 -26.506066105123548
 47.00000000000283 -26.46329041946936
 47.05000000000283 -26.420318057693564
 47.10000000000284 -26.377148888525916
 47.15000000000284 -26.333782780696176
 47.200000000002845 -26.290219602934112
 47.25000000000285 -26.24645922396948
 47.30000000000285 -26.202501512532038
 47.35000000000286 -26.15834633735156
 47.40000000000286 -26.1139935671578
 47.450000000002866 -26.069443070680517
 47.50000000000287 -26.02469471664947
 47.550000000002875 -25.979748373794436
 47.60000000000288 -25.934603910845162
 47.65000000000288 -25.88926119653141
 47.70000000000289 -25.843720099582953
 47.75000000000289 -25.797980488729543
 47.800000000002896 -13.29999999999522
 47.8500000000029 -13.217383516275833
 47.900000000002905 -13.13440701286335
 47.95000000000291 -13.05106990167733
 48.00000000000291 -12.967371594637326
 48.05000000000292 -12.883311503662892
 48.10000000000292 -12.798889040673584
 48.150000000002926 -12.714103617588956
 48.20000000000293 -12.628954646328559
 48.250000000002935 -12.543441538811953
 48.30000000000294 -12.457563706958691
 48.35000000000294 -12.371320562688329
 48.40000000000295 -12.284711517920417
 48.45000000000295 -12.197735984574514
 48.500000000002956 -12.110393374570174
 48.55000000000296 -12.02268309982695
 48.600000000002964 -11.934604572264396
 48.65000000000297 -11.84615720380207
 48.70000000000297 -11.757340406359525
 48.75000000000298 -11.668153591856317
 48.80000000000298 -1.3958765567732306e-11
 48.850000000002986 -0.2340564833884954
 48.90000000000299 -0.4684739614192117
 48.950000000002994 -0.7032393354466744
 49.000000000003 -0.9383395068114503
 49.050000000003 -1.173761376854106
 49.10000000000301 -1.4094918469152085
 49.15000000000301 -1.6455178183353243
 49.200000000003016 -1.8818261924550206
 49.25000000000302 -2.1184038706148636
 49.300000000003024 -2.35523775415542
 49.35000000000303 -2.5923147444172576
 49.40000000000303 -2.8296217427409416
 49.45000000000304 -3.06714565046704
 49.50000000000304 -3.3048733689361187
 49.550000000003045 -3.5427917994887452
 49.60000000000305 -3.7808878434654862
 49.650000000003054 -4.019148402206907
 49.70000000000306 -4.2575603770535775
 49.75000000000306 -4.496110669346061
 49.80000000000307 -4.734786180424925
 49.85000000000307 -4.9735738116307395
 49.900000000003075 -5.212460464304066
 49.95000000000308 -5.451433039785476
 50.000000000003084 -5.690478439415534
 50.05000000000309 -5.929583564534806
 50.10000000000309 -6.168735316483861
 50.1500000000031 -6.4079205966032635
 50.2000000000031 -6.647126306233582
 50.250000000003105 -6.886339346715382
 50.30000000000311 -7.1255466193892305
 50.350000000003114 -7.364735025595696
 50.40000000000312 -7.603891466675342
 50.45000000000312 -7.843002843968738
 50.500000000003126 -8.08205605881645
 50.55000000000313 -8.321038012559045
 50.600000000003135 10.699999999967632
 50.65000000000314 10.182890196501477
 50.70000000000314 9.664487697044377
 50.75000000000315 9.144791642286071
 50.80000000000315 8.62380117291629
 50.850000000003156 8.101515429624767
 50.90000000000316 7.577933553101236
 50.950000000003165 7.053054684035431
 51.00000000000317 6.526877963117081
 51.05000000000317 5.999402531035924
 51.10000000000318 5.470627528481689
 51.15000000000318 4.940552096144112
 51.200000000003186 4.409175374712923
 51.25000000000319 3.8764965048778595
 51.300000000003195 3.342514627328651
 51.3500000000032 2.8072288827550316
 51.4000000000032 2.270638411846735
 51.45000000000321 1.732742355293493
 51.50000000000321 1.1935398537850412
 51.550000000003216 0.6530300480111092
 51.60000000000322 0.11121207866143196
 51.650000000003224 -0.4319149135742558
 51.70000000000323 -0.9763517880062245
 51.75000000000323 -1.522099403944739
 51.80000000000324 -2.069158620700065
 51.85000000000324 -2.617530297582473
 51.900000000003246 -3.1672152939022253
 51.95000000000325 -3.7182144689695935
 52.000000000003254 -14.699999999941312
 52.05000000000326 -13.797706187839603
 52.10000000000326 -12.894272702575257
 52.15000000000327 -11.989789600068399
 52.20000000000327 -11.08434693623915
 52.250000000003276 -10.178034767007631
 52.30000000000328 -9.270943148293965
 52.350000000003284 -8.36316213601828
 52.40000000000329 -7.454781786100693
 52.45000000000329 -6.54589215446133
 52.5000000000033 -5.636583297020312
 52.5500000000033 -4.7269452696977625
 52.600000000003305 -3.8170681284138066
 52.65000000000331 -2.907041929088563
 52.700000000003314 -1.9969567276421574
 52.75000000000332 -1.0869025799947114
 52.80000000000332 -0.1769695420663487
 52.85000000000333 0.7327523302228065
 52.90000000000333 1.6421729809526349
 52.950000000003335 2.5512023542030113
 53.00000000000334 3.4597503940538137
 53.050000000003344 4.367727044584919
 53.10000000000335 5.275042249876204
 53.15000000000335 6.181605954007546
 53.20000000000336 -2.700000000040324
 53.25000000000336 -3.3023208730024756
 53.300000000003365 -3.9069416008480373
 53.35000000000337 -4.51386541283956
 53.400000000003374 -5.123095538239591
 53.45000000000338 -5.734635206310679
 53.50000000000338 -6.348487646315376
 53.550000000003386 -6.964656087516228
 53.60000000000339 -7.583143759175786
 53.650000000003395 -8.203953890556598
 53.7000000000034 -8.827089710921214
 53.7500000000034 -9.452554449532183
 53.80000000000341 -10.080351335652052
 53.85000000000341 -10.710483598543375
 53.900000000003416 -11.342954467468694
 53.95000000000342 -11.977767171690564
 54.000000000003425 -12.614924940471534
 54.05000000000343 -13.254431003074153
 54.10000000000343 -13.896288588760964
 54.15000000000344 -14.540500926794524
 54.20000000000344 -15.187071246437373
 54.250000000003446 -15.83600277695207
 54.30000000000345 -16.487298747601162
 54.350000000003455 -17.140962387647193
 54.40000000000346 -17.796996926352715
 54.45000000000346 -18.455405592980277
 54.50000000000347 -19.11619161679243
 54.55000000000347 -19.77935822705172
 54.600000000003476 -20.444908653020697
 54.65000000000348 -21.112846123961916
 54.700000000003485 -21.78317386913791
 54.75000000000349 -22.455895117811252
 54.80000000000349 -23.131013099244466
 54.8500000000035 -23.808531042700118
 54.9000000000035 -24.488452177440756
 54.950000000003506 -25.170779732728924
 55.00000000000351 -2.700000000103308
 55.050000000003514 -4.174163950055329
 55.10000000000352 -5.653485397019525
 55.15000000000352 -7.137971148547502
 55.20000000000353 -8.627628012190874
 55.25000000000353 -10.122462795501246
 55.300000000003536 -11.622482306030232
 55.35000000000354 -13.12769335132944
 55.400000000003544 58.30000000027131
 55.45000000000355 62.12867026221012
 55.50000000000355 65.96309003875257
 55.55000000000356 69.80390051837303
 55.60000000000356 73.65174288954584
 55.650000000003566 77.5072583407454
 55.70000000000357 81.37108806044604
 55.750000000003574 85.24387323712212
 55.80000000000358 89.12625505924805
 55.85000000000358 93.01887471529811
 55.90000000000359 96.92237339374677
 55.95000000000359 100.8373922830683
 56.000000000003595 10.700000000079163
 56.0500000000036 11.80118001403336
 56.100000000003604 12.902910488393607
 56.15000000000361 14.005187298394546
 56.20000000000361 15.108006319270814
 56.25000000000362 16.21136342625705
 56.30000000000362 17.315254494587904
 56.350000000003625 18.419675399497997
 56.40000000000363 19.524622016221983
 56.450000000003634 20.6300902199945
 56.50000000000364 21.73607588605018
 56.55000000000364 22.842574889623673
 56.60000000000365 23.94958310594961
 56.65000000000365 25.057096410262634
 56.700000000003655 26.165110677797387
 56.75000000000366 27.273621783788503
 56.800000000003664 28.382625603470625
 56.85000000000367 29.492118012078397
 56.90000000000367 30.602094884846448
 56.950000000003676 31.71255209700943
 57.00000000000368 32.82348552380198
 57.050000000003685 33.934891040458716
 57.10000000000369 35.04676452221432
 57.15000000000369 36.159101844303386
 57.2000000000037 37.271898881960595
 57.2500000000037 38.38515151042055
 57.300000000003706 39.498855604917914
 57.35000000000371 40.61300704068732
 57.400000000003715 41.727601692963404
 57.45000000000372 42.84263543698082
 57.50000000000372 43.95810414797419
 57.55000000000373 45.07400370117817
 57.60000000000373 10.700000000082134
 57.650000000003736 11.801180014036332
 57.70000000000374 12.902910488396582
 57.750000000003745 14.005187298397523
 57.80000000000375 15.108006319273793
 57.85000000000375 16.21136342626003
 57.90000000000376 17.31525449459088
 57.95000000000376 18.41967539950098
 58.000000000003766 19.524622016224967
 58.05000000000377 20.630090219997484
 58.100000000003774 21.736075886053168
 58.15000000000378 22.842574889626658
 58.20000000000378 23.9495831059526
 58.25000000000379 25.057096410265626
 58.30000000000379 26.165110677800374
 58.350000000003796 27.273621783791494
 58.4000000000038 28.38262560347362
 58.450000000003804 29.49211801208139
 58.50000000000381 30.602094884849446
 58.55000000000381 31.712552097012427
 58.60000000000382 32.82348552380497
 58.65000000000382 33.93489104046172
 58.700000000003826 35.046764522217316
 58.75000000000383 36.15910184430639
 58.800000000003834 37.2718988819636
 58.85000000000384 38.385151510423555
 58.90000000000384 39.49885560492093
 58.95000000000385 40.61300704069033
 59.00000000000385 41.727601692966424
 59.050000000003855 42.842635436983834
 59.10000000000386 43.958104147977195
 59.150000000003864 45.07400370118118
 59.20000000000387 46.190329971830394
 59.25000000000387 47.30707883515949
 59.30000000000388 48.424246166403094
 59.35000000000388 49.541827840795875
 59.400000000003885 50.65981973357244
 59.45000000000389 51.778217719967444
 59.500000000003894 52.897017675215544
 59.5500000000039 54.016215474551345
 59.6000000000039 55.13580699320952
 59.65000000000391 56.255788106424674
 59.70000000000391 57.37615468943148
 59.750000000003915 58.49690261746455
 59.80000000000392 59.618027765758534
 59.850000000003924 60.73952600954809
 59.90000000000393 61.861393224067825
 59.95000000000393 62.98362528455242
 60.000000000003936 64.10621806623647
