 0.0 -17.315451952014882
 5.0e-2 -17.187174899929637
 0.1 -17.058018494293286
 0.15000000000000002 -16.927987210289007
 0.20000000000000004 -16.79708588675671
 0.25000000000000006 -16.66531973675241
 0.30000000000000004 -16.53269435836047
 0.35000000000000003 -16.3992157457648
 0.4 -16.26489030058598
 0.45 -16.129724843490873
 0.5 -15.993726626081902
 0.55 -15.85690334307316
 0.6000000000000001 -15.719263144760594
 0.6500000000000001 -15.580814649793622
 0.7000000000000002 -15.441566958255994
 0.7500000000000002 -15.301529665063129
 0.8000000000000003 -15.160712873684014
 0.8500000000000003 -15.019127210195151
 0.9000000000000004 -14.876783837674244
 0.9500000000000004 -14.73369447094146
 1.0000000000000004 -14.589871391655501
 1.0500000000000005 -14.445327463772141
 1.1000000000000005 -14.300076149372146
 1.1500000000000006 -14.154131524865525
 1.2000000000000006 -14.00750829757832
 1.2500000000000007 -13.860221822728144
 1.3000000000000007 -13.712288120793323
 1.3500000000000008 -13.563723895280669
 1.4000000000000008 -13.414546550895102
 1.4500000000000008 -13.264774212114101
 1.5000000000000009 -13.114425742168203
 1.550000000000001 -12.963520762427631
 1.600000000000001 -12.812079672193475
 1.650000000000001 -12.660123668890169
 1.700000000000001 -12.507674768653525
 1.750000000000001 -12.354755827306654
 1.8000000000000012 -12.201390561713193
 1.8500000000000012 -12.047603571494392
 1.9000000000000012 -11.89342036109312
 1.9500000000000013 -11.738867362164322
 2.0000000000000013 -11.58397195626719
 2.0500000000000016 -11.428762497829556
 2.100000000000002 -11.273268337350475
 2.150000000000002 -11.117519844800723
 2.2000000000000024 -10.961548433175164
 2.2500000000000027 -10.805386582144452
 2.300000000000003 -10.649067861745502
 2.350000000000003 -10.49262695604285
 2.4000000000000035 -10.336099686684472
 2.4500000000000037 -10.179523036265213
 2.500000000000004 -10.022935171401969
 2.5500000000000043 -9.866375465413846
 2.6000000000000045 -9.709884520487721
 2.650000000000005 -9.553504189198623
 2.700000000000005 -9.397277595239887
 2.7500000000000053 -9.241249153204663
 2.8000000000000056 -9.085464587244829
 2.850000000000006 -8.929970948418157
 2.900000000000006 -8.774816630517384
 2.9500000000000064 -8.620051384158122
 3.0000000000000067 -8.465726328884022
 3.050000000000007 -8.311893963029316
 3.100000000000007 -8.158608171059251
 3.1500000000000075 -8.005924228089585
 3.2000000000000077 -7.853898801266107
 3.250000000000008 -7.702589947664781
 3.3000000000000083 -7.552057108353283
 3.3500000000000085 -7.402361098234323
 3.400000000000009 -7.253564091271473
 3.450000000000009 -7.1057296006798065
 3.5000000000000093 -6.958922453644767
 3.5500000000000096 -6.8132087601172024
 3.60000000000001 -6.668655875216143
 3.65000000000001 -6.525332354759265
 3.7000000000000104 -6.383307903429433
 3.7500000000000107 -6.242653315078849
 3.800000000000011 -6.103440404668018
 3.850000000000011 -5.965741931336381
 3.9000000000000115 -5.829631512106199
 3.9500000000000117 -5.695183525730381
 4.000000000000012 -5.562473006209781
 4.050000000000013 -5.431575525527276
 4.100000000000014 -5.302567065173109
 4.150000000000015 -5.175523876071795
 4.200000000000015 -5.050522326563838
 4.250000000000016 -4.927638738146824
 4.300000000000017 -4.806949208740902
 4.350000000000017 -4.688529423312798
 4.400000000000018 -4.572454451771483
 4.450000000000019 -4.45879853413684
 4.5000000000000195 -4.347634853080785
 4.55000000000002 -4.239035294047722
 4.600000000000021 -4.1330701932783045
 4.650000000000022 -4.029808074185627
 4.700000000000022 -3.929315372667428
 4.750000000000023 -3.831656152078296
 4.800000000000024 -3.7368918087334038
 4.8500000000000245 -3.6450807689669342
 4.900000000000025 -3.556278178922988
 4.950000000000026 -3.470535588412116
 5.000000000000027 -3.3879006303205936
 5.050000000000027 -3.308416697208496
 5.100000000000028 -3.23212261687422
 5.150000000000029 -3.1590523287929018
 5.2000000000000295 -3.0892345634503995
 5.25000000000003 -3.0226925266882314
 5.300000000000031 -2.9594435912428594
 5.350000000000032 -2.899498997699794
 5.400000000000032 -2.842863567081811
 5.450000000000033 -2.7895354272460917
 5.500000000000034 -2.73950575516903
 5.5500000000000345 -2.6927585370439306
 5.600000000000035 -2.6492703478987316
 5.650000000000036 -2.7533189787477164
 5.700000000000037 -2.869661009685146
 5.750000000000037 -2.9990605632943312
 5.800000000000038 -3.1422016831977264
 5.850000000000039 -3.299676934301306
 5.900000000000039 -3.4719781021147615
 5.95000000000004 -3.659489174123327
 6.000000000000041 -3.862481698549916
 6.050000000000042 -3.770294588304494
 6.100000000000042 -3.6812946491481693
 6.150000000000043 -3.886757391136161
 6.200000000000044 -4.108264586889263
 6.250000000000044 -4.3458542694887825
 6.300000000000045 -4.599446370423797
 6.350000000000046 -4.487727068608724
 6.4000000000000465 -4.3787310678911195
 6.450000000000047 -4.272546306675053
 6.500000000000048 -4.169259563237968
 6.550000000000049 -4.068956083984229
 6.600000000000049 -3.9717191751000667
 6.65000000000005 -4.203172999658223
 6.700000000000051 -4.452037591395523
 6.7500000000000515 -4.344285193595516
 6.800000000000052 -4.23940624003083
 6.850000000000053 -4.137490743892094
 6.900000000000054 -4.038627186501448
 6.950000000000054 -4.277988528194327
 7.000000000000055 -4.535760630872796
 7.050000000000056 -4.811782406379751
 7.1000000000000565 -5.105746957168666
 7.150000000000057 -4.983263625070903
 7.200000000000058 -4.863131226182178
 7.250000000000059 -4.745449229431728
 7.300000000000059 -4.630318427167348
 7.35000000000006 -4.917623902110067
 7.400000000000061 -5.223855094821019
 7.4500000000000615 -5.548487003326234
 7.500000000000062 -5.890860268256908
 7.550000000000063 -5.754702163364168
 7.600000000000064 -5.620214101592732
 7.650000000000064 -5.487490979240709
 7.700000000000065 -5.356631586052451
 7.750000000000066 -5.227738777595677
 7.800000000000066 -5.100919638271359
 7.850000000000067 -4.976285627796995
 7.900000000000068 -4.853952702228023
 7.950000000000069 -4.734041398606771
 8.00000000000007 -4.616676870192418
 8.05000000000007 -4.501988856999495
 8.10000000000007 -4.390111574157809
 8.150000000000071 -4.281183498549369
 8.200000000000072 -4.175347032466447
 8.250000000000073 -4.072748021906073
 8.300000000000074 -3.97353510685066
 8.350000000000074 -3.8778588817944004
 8.400000000000075 -3.7858708471888916
 8.450000000000076 -3.697722136709157
 8.500000000000076 -3.6135620115368208
 8.550000000000077 -3.5335361213635834
 8.600000000000078 -3.4577845425134406
 8.650000000000079 -3.647871267323446
 8.70000000000008 -3.8650962343927207
 8.75000000000008 -4.110437145230219
 8.80000000000008 -4.384469148877782
 8.850000000000081 -4.270649492118177
 8.900000000000082 -4.160369021110262
 8.950000000000083 -4.053866597017864
 9.000000000000083 -3.951385739131505
 9.050000000000084 -4.213045258164721
 9.100000000000085 -4.506020235093733
 9.150000000000086 -4.830362590814475
 9.200000000000086 -5.185653280506342
 9.250000000000087 -5.571036410369929
 9.300000000000088 -5.985266936402499
 9.350000000000088 -6.426767900492685
 9.40000000000009 -6.893693135443017
 9.45000000000009 -7.383991676008616
 9.50000000000009 -7.895470653348074
 9.550000000000091 -8.42585412552928
 9.600000000000092 -8.972836015782772
 9.650000000000093 -9.534126019894522
 9.700000000000093 -10.107487953372411
 9.750000000000094 -10.690770508542634
 9.800000000000095 -11.28193077103634
 9.850000000000096 -11.879051107926948
 9.900000000000096 -12.480350199149408
 9.950000000000097 -12.32995079022608
 10.000000000000098 -12.17770951113372
 10.050000000000098 -12.792345960433925
 10.1000000000001 -13.408751632316402
 10.1500000000001 -14.025418371082894
 10.2000000000001 -14.640992177009352
 10.250000000000101 -14.510766077485659
 10.300000000000102 -14.378884389230729
 10.350000000000103 -14.24529355276256
 10.400000000000103 -14.10994348345374
 10.450000000000104 -13.972788090397131
 10.500000000000105 -13.83378573141865
 10.550000000000106 -13.692899577415199
 10.600000000000106 -13.550097856875034
 10.650000000000107 -13.405353949921485
 10.700000000000108 -13.258646300824628
 10.750000000000108 -13.943069663492786
 10.800000000000109 -14.625990900508056
 10.85000000000011 -14.493007016225178
 10.90000000000011 -14.358237553484427
 10.950000000000111 -14.221664908503843
 11.000000000000112 -14.08327379048196
 11.050000000000113 -14.79669178556749
 11.100000000000113 -15.506058459608585
 11.150000000000114 -16.209810296900233
 11.200000000000115 -16.906627685733802
 11.250000000000115 -17.59541015733389
 11.300000000000116 -18.27525208199454
 11.350000000000117 -18.945419493304666
 11.400000000000118 -19.605328456690124
 11.450000000000118 -19.535842861905362
 11.500000000000119 -19.465857269829986
 11.55000000000012 -19.395365488719616
 11.60000000000012 -19.324361124487083
 11.650000000000121 -19.25283632603205
 11.700000000000122 -19.18078023626332
 11.750000000000123 -19.108177133048496
 11.800000000000123 -19.035004250977348
 11.850000000000124 -18.961229282717774
 11.900000000000125 -18.8868075675231
 11.950000000000125 -18.81167898353868
 12.000000000000126 -18.735764569147374
 12.050000000000127 -18.658962905623486
 12.100000000000128 -18.58114629756361
 12.150000000000128 -18.502156787529856
 12.200000000000129 -18.42180203570148
 12.25000000000013 -18.339851082978786
 12.30000000000013 -18.25602999641644
 12.350000000000131 -18.170017369601347
 12.400000000000132 -18.081439619658024
 12.450000000000133 -17.989865990948612
 12.500000000000133 -17.89480314954148
 12.550000000000134 -17.79568924086587
 12.600000000000135 -17.69188729648036
 12.650000000000135 -18.59615032422972
 12.700000000000136 -19.481189730222184
 12.750000000000137 -19.400086402616562
 12.800000000000137 -19.313713467356433
 12.850000000000138 -19.221246761195648
 12.900000000000139 -19.12176909270491
 12.95000000000014 -20.043153513331372
 13.00000000000014 -20.942099580954743
 13.050000000000141 -21.818444579303183
 13.100000000000142 -22.672259764863465
 13.150000000000142 -23.5037867721878
 13.200000000000143 -24.313387657546418
 13.250000000000144 -24.289891673731812
 13.300000000000145 -24.26115957136495
 13.350000000000145 -24.226421892787542
 13.400000000000146 -24.184861324664443
 13.450000000000147 -24.135619759131334
 13.500000000000147 -24.077808791411
 13.550000000000148 -24.01052456090749
 13.600000000000149 -23.932867927629623
 13.65000000000015 -23.84397099384802
 13.70000000000015 -23.743030903707705
 13.750000000000151 -23.629351652595524
 13.800000000000152 -23.5023942847462
 13.850000000000152 -23.361835321590178
 13.900000000000153 -23.20763251205461
 13.950000000000154 -23.040095999013918
 14.000000000000155 -22.859961740908403
 14.050000000000155 -22.668462549149417
 14.100000000000156 -22.46739051832584
 14.150000000000157 -22.25914315898014
 14.200000000000157 -22.0467444927246
 14.250000000000158 -21.833832035045024
 14.300000000000159 -21.624601168907684
 14.35000000000016 -21.42369999694395
 14.40000000000016 -21.236070594258408
 14.450000000000161 -21.066737615745993
 14.500000000000162 -20.920554777457102
 14.550000000000162 -20.80193804258352
 14.600000000000163 -20.714647993702055
 14.650000000000164 -22.178140878155737
 14.700000000000164 -23.57194156475944
 14.750000000000165 -23.593601516784823
 14.800000000000166 -23.663535861082337
 14.850000000000167 -23.789991540143472
 14.900000000000167 -23.98485683912567
 14.950000000000168 -24.26744936488786
 15.000000000000169 -24.671019521508942
 15.05000000000017 -25.253103999872355
 15.10000000000017 -26.11011510724789
 15.15000000000017 -27.505190825757936
 15.200000000000172 -28.75813329281255
 15.250000000000172 -29.928597700469002
 15.300000000000173 -31.046253940456484
 15.350000000000174 -32.12735942003816
 15.400000000000174 -33.18241230663272
 15.450000000000175 -33.80673982186193
 15.500000000000176 -34.5274076776737
 15.550000000000177 -35.34040268187651
 15.600000000000177 -36.22178663550888
 15.650000000000178 -37.11287020373835
 15.700000000000179 -37.90998425505791
 15.75000000000018 -38.481345449755665
 15.80000000000018 -38.73441592413078
 15.85000000000018 -39.773125922491396
 15.900000000000182 -40.838742441760026
 15.950000000000182 -41.8801570578076
 16.000000000000185 -42.890606005775105
 16.05000000000019 -43.59414942323161
 16.100000000000193 -44.23734416927328
 16.150000000000198 -45.44915823201786
 16.200000000000202 -46.59004927713067
 16.250000000000206 -47.478833683970464
 16.30000000000021 -48.47254532496808
 16.350000000000215 -49.708570838600075
 16.40000000000022 -50.900960573839804
 16.450000000000223 -52.05148987598789
 16.500000000000227 -53.138727345089904
 16.55000000000023 -54.14094186091021
 16.600000000000236 -55.04656104228374
 16.65000000000024 -55.85519378182711
 16.700000000000244 -56.574496754106995
 16.75000000000025 -58.077155963686664
 16.800000000000253 -59.71988070561601
 16.850000000000257 -61.53211467126861
 16.90000000000026 -63.55219105052765
 16.950000000000266 -64.1629042482388
 17.00000000000027 -64.65657786961617
 17.050000000000274 -66.82660926742032
 17.10000000000028 -69.23300397387426
 17.150000000000283 -69.48183775647533
 17.200000000000287 -69.6548908182235
 17.25000000000029 -69.7796976763096
 17.300000000000296 -69.87688080187989
 17.3500000000003 -69.9606979395185
 17.400000000000304 -70.04012618280836
 17.45000000000031 -70.12003625861547
 17.500000000000313 -70.20227395898473
 17.550000000000317 -72.07164310811815
 17.60000000000032 -74.04324253494354
 17.650000000000325 -73.99132758738492
 17.70000000000033 -73.9552763690258
 17.750000000000334 -73.9303645410636
 17.800000000000338 -73.91165341281827
 17.850000000000342 -73.89448336595426
 17.900000000000347 -73.87481185867804
 17.95000000000035 -75.58192638301163
 18.000000000000355 -77.34538178569593
 18.05000000000036 -77.23807923853563
 18.100000000000364 -77.12650971026252
 18.150000000000368 -77.00748502495328
 18.200000000000372 -76.87911547611418
 18.250000000000377 -78.53760215804472
 18.30000000000038 -80.2324706779104
 18.350000000000385 -81.94620923730692
 18.40000000000039 -83.6563643046054
 18.450000000000394 -85.33537195270173
 18.500000000000398 -86.95102037589253
 18.550000000000402 -88.46789367429717
 18.600000000000406 -89.85010502468678
 18.65000000000041 -89.68424054606686
 18.700000000000415 -89.46734552914597
 18.75000000000042 -89.19871807815666
 18.800000000000423 -88.88101039718168
 18.850000000000428 -88.5194606371425
 18.900000000000432 -88.12098466821458
 18.950000000000436 -87.6932981943646
 19.00000000000044 -87.24417626846216
 19.050000000000445 -86.78089753430613
 19.10000000000045 -86.30987657360122
 19.150000000000453 -85.83646167411715
 19.200000000000458 -85.36486390678411
 19.250000000000462 -84.89818173256063
 19.300000000000466 -84.43848907062656
 19.35000000000047 -83.98696071522201
 19.400000000000475 -83.54401529605654
 19.45000000000048 -83.10946166935256
 19.500000000000483 -82.68263932053398
 19.550000000000487 -83.87216338078501
 19.60000000000049 -85.05256797502052
 19.650000000000496 -84.57998468025777
 19.7000000000005 -84.11459556661303
 19.750000000000504 -83.65493588108357
 19.80000000000051 -83.1994289037634
 19.850000000000513 -84.27374178540761
 19.900000000000517 -85.32912115693297
 19.95000000000052 -86.35547655984949
 20.000000000000526 -87.34204808051106
 20.05000000000053 -88.27771349839178
 20.100000000000534 -89.15138371818726
 20.15000000000054 -89.95247093017781
 20.200000000000543 -90.67139737536428
 20.250000000000547 -90.15727113528627
 20.30000000000055 -89.6465813714219
 20.350000000000556 -89.13518835126608
 20.40000000000056 -88.61940735785986
 20.450000000000564 -88.09611409027423
 20.50000000000057 -87.56279582846545
 20.550000000000573 -87.01756066604881
 20.600000000000577 -86.45911579893188
 20.65000000000058 -85.88672428235299
 20.700000000000585 -85.30014799676822
 20.75000000000059 -84.6995829428056
 20.800000000000594 -84.08559152524737
 20.8500000000006 -83.45903524508662
 20.900000000000603 -82.82101021307383
 20.950000000000607 -83.52701255964108
 21.00000000000061 -84.19960275775111
 21.050000000000615 -84.8328778482966
 21.10000000000062 -85.4210452099599
 21.150000000000624 -85.9585989784643
 21.200000000000628 -86.44050441474269
 21.250000000000632 -85.79395103976837
 21.300000000000637 -85.12193495028303
 21.35000000000064 -85.57064158732565
 21.400000000000645 -85.96487423068315
 21.45000000000065 -85.28947654687923
 21.500000000000654 -84.5870847229607
 21.550000000000658 -83.86140629616038
 21.600000000000662 -83.11616063931345
 21.650000000000666 -82.35498722799346
 21.70000000000067 -81.58137577776539
 21.750000000000675 -80.79861501066125
 21.80000000000068 -80.00975707288352
 21.850000000000684 -80.37465927480042
 21.900000000000688 -80.70450238183432
 21.950000000000692 -80.99795826255641
 22.000000000000696 -81.25432037060655
 22.0500000000007 -81.47358428370069
 22.100000000000705 -81.65651072377025
 22.15000000000071 -81.80466737897144
 22.200000000000713 -81.92044776957755
 22.250000000000718 -81.10958529323513
 22.300000000000722 -80.2820192907788
 22.350000000000726 -79.44270997808603
 22.40000000000073 -78.59608019427448
 22.450000000000735 -78.67915438524473
 22.50000000000074 -78.73696345375208
 22.550000000000743 -77.87642674604363
 22.600000000000747 -77.01373260201096
 22.65000000000075 -76.15233541855868
 22.700000000000756 -75.29518582804208
 22.75000000000076 -75.30305295227963
 22.800000000000765 -75.29002011673066
 22.85000000000077 -75.25906766931622
 22.900000000000773 -75.21359133078523
 22.950000000000777 -75.15734346480492
 23.00000000000078 -75.09436586136532
 23.050000000000786 -75.0289174086204
 23.10000000000079 -74.9653996234404
 23.150000000000794 -74.90828188136224
 23.2000000000008 -74.8620262909369
 23.250000000000803 -73.86912400791078
 23.300000000000807 -72.88930317015611
 23.35000000000081 -71.92502963376027
 23.400000000000816 -70.97828651262357
 23.45000000000082 -70.84848847284684
 23.500000000000824 -70.72560584982416
 23.55000000000083 -70.61249037281809
 23.600000000000833 -70.51164919879052
 23.650000000000837 -69.4872520991783
 23.70000000000084 -68.49029867053977
 23.750000000000846 -68.3454106900164
 23.80000000000085 -68.21153504510421
 23.850000000000854 -67.18880614195162
 23.90000000000086 -66.19823385552215
 23.950000000000863 -65.23947713223262
 24.000000000000867 -64.31208272670561
 24.05000000000087 -64.08440462243095
 24.100000000000875 -63.86267969397182
 24.15000000000088 -63.647319485179054
 24.200000000000884 -63.43819758834279
 24.250000000000888 -63.234583307164776
 24.300000000000892 -63.03507605365238
 24.350000000000897 -62.83754422889192
 24.4000000000009 -62.63907464599948
 24.450000000000905 -62.43594079521589
 24.50000000000091 -62.22359979998232
 24.550000000000914 -61.99672798620123
 24.600000000000918 -61.74930280059252
 24.650000000000922 -60.57299252704975
 24.700000000000927 -59.44024679000081
 24.75000000000093 -59.14084559122573
 24.800000000000935 -58.8169166417976
 24.85000000000094 -58.462695436873545
 24.900000000000944 -58.07225851167412
 24.950000000000948 -57.639685322361764
 25.000000000000952 -57.15921645259084
 25.050000000000956 -56.625400939518634
 25.10000000000096 -56.03323752144071
 25.150000000000965 -54.96125188273641
 25.20000000000097 -53.90337844462464
 25.250000000000973 -53.299223980146714
 25.300000000000978 -52.641360531895494
 25.350000000000982 -51.638164403197734
 25.400000000000986 -50.64601221633172
 25.45000000000099 -49.6709596011788
 25.500000000000995 -48.7185340282684
 25.550000000001 -47.793419579994506
 25.600000000001003 -46.899280515982404
 25.650000000001008 -46.038699423418365
 25.700000000001012 -45.2132041007024
 25.750000000001016 -44.57058498373475
 25.80000000000102 -43.89437370529298
 25.850000000001025 -43.18265119878492
 25.90000000000103 -42.43399830792633
 25.950000000001033 -41.64765903054992
 26.000000000001037 -40.823730109095735
 26.05000000000104 -39.9633695340287
 26.100000000001046 -39.0690051331069
 26.15000000000105 -38.286672591455414
 26.200000000001054 -37.53648994192032
 26.25000000000106 -36.82180080210044
 26.300000000001063 -36.144195816652314
 26.350000000001067 -35.217985764690624
 26.40000000000107 -34.2572661682556
 26.450000000001076 -33.26517938847104
 26.50000000000108 -32.24618774429074
 26.550000000001084 -31.601356640184488
 26.60000000000109 -31.0022215149333
 26.650000000001093 -30.447040875302225
 26.700000000001097 -29.932796446551436
 26.7500000000011 -29.455598995256562
 26.800000000001106 -29.011049543090394
 26.85000000000111 -28.594537475494246
 26.900000000001114 -28.201473019707883
 26.95000000000112 -27.18569403551808
 27.000000000001123 -26.132164120013403
 27.050000000001127 -25.042247952234977
 27.10000000000113 -23.918079665758036
 27.150000000001135 -22.762548013691013
 27.20000000000114 -21.579206419217808
 27.250000000001144 -21.2848823352837
 27.30000000000115 -21.02061416519295
 27.350000000001153 -19.83106333057413
 27.400000000001157 -18.61589160671271
 27.45000000000116 -18.402332328726054
 27.500000000001165 -18.21039907121466
 27.55000000000117 -18.032164035118434
 27.600000000001174 -17.86090299121346
 27.650000000001178 -17.69105733831768
 27.700000000001182 -17.518163607730088
 27.750000000001187 -17.338763560139704
 27.80000000000119 -17.150302458511163
 27.850000000001195 -16.9510205762356
 27.9000000000012 -16.739842062105083
 27.950000000001204 -16.516264957981612
 28.000000000001208 -16.280255901137842
 28.050000000001212 -16.03215259481319
 28.100000000001216 -15.772576446289403
 28.15000000000122 -15.502356913547379
 28.200000000001225 -15.222468183419787
 28.25000000000123 -14.268123675184492
 28.300000000001234 -13.289957840076019
 28.350000000001238 -13.02410822339896
 28.400000000001242 -12.748953539686182
 28.450000000001246 -12.465832143898314
 28.50000000000125 -12.176073934851647
 28.550000000001255 -11.8809795789261
 28.60000000000126 -11.581806992717336
 28.650000000001263 -11.279763094767947
 28.700000000001268 -10.975999137110627
 28.750000000001272 -10.045422388335604
 28.800000000001276 -9.091793850431245
 28.85000000000128 -8.115301913351507
 28.900000000001285 -7.116419951818725
 28.95000000000129 -6.095935378308278
 29.000000000001293 -5.05497341711492
 29.050000000001297 -4.78759964693167
 29.1000000000013 -4.520395433184182
 29.150000000001306 -3.4688082770618336
 29.20000000000131 -2.3976351429595777
 29.250000000001315 -2.140487525047178
 29.30000000000132 -1.8867511939718407
 29.350000000001323 -1.6373098711441252
 29.400000000001327 -1.3929273175492363
 29.45000000000133 -1.1542659620931892
 29.500000000001336 -0.9219019911265176
 29.55000000000134 -0.6963372260079398
 29.600000000001344 -0.4780082925409096
 29.65000000000135 -0.2672936420011775
 29.700000000001353 -6.451895749173465e-2
 29.750000000001357 0.1300385936970618
 29.80000000000136 0.31614689391418166
 29.850000000001366 0.49361592106859153
 29.90000000000137 0.6622951157013284
 29.950000000001374 0.8220709454678696
 30.00000000000138 0.9728645934459834
 30.050000000001383 1.9493529047366247
 30.100000000001387 2.945323571445636
 30.15000000000139 3.9607253952685944
 30.200000000001396 4.995341932552477
 30.2500000000014 5.096349642160466
 30.300000000001404 5.188103262817751
 30.35000000000141 5.270752340203626
 30.400000000001413 5.344452328140745
 30.450000000001417 5.4093644403995205
 30.50000000000142 5.46565557186765
 30.550000000001425 6.449536221298396
 30.60000000000143 7.448680931709386
 30.650000000001434 8.46251976014124
 30.700000000001438 9.490292453177874
 30.750000000001442 10.531034298396987
 30.800000000001447 11.5835642113152
 30.85000000000145 11.554576458503595
 30.900000000001455 11.517841242091324
 30.95000000000146 11.473717437854411
 31.000000000001464 11.422533283350015
 31.050000000001468 12.428805914430235
 31.100000000001472 13.442606925867414
 31.150000000001477 13.35673855158094
 31.20000000000148 13.264786615451605
 31.250000000001485 13.167047579834277
 31.30000000000149 13.06379324792071
 31.350000000001494 12.955275548263504
 31.400000000001498 12.841730683611683
 31.450000000001502 12.723382660554813
 31.500000000001506 12.600446230252626
 31.55000000000151 12.473129280791435
 31.600000000001515 12.341634728735304
 31.65000000000152 13.228116064315948
 31.700000000001523 14.117062382169799
 31.750000000001528 13.957477354776413
 31.800000000001532 13.794572621458013
 31.850000000001536 13.628530419850863
 31.90000000000154 13.459531693480757
 31.950000000001545 14.302196244198344
 32.00000000000155 15.144394844760313
 32.05000000000155 15.984687334292198
 32.10000000000156 16.821486311441195
 32.15000000000156 17.653059468749127
 32.200000000001566 18.47753522034001
 32.25000000000157 19.292911993614496
 32.300000000001575 20.09707148632249
 32.35000000000158 20.88779608733611
 32.40000000000158 21.66279052040704
 32.45000000000159 22.419707595584175
 32.50000000000159 23.15617774675076
 32.550000000001596 23.869841804142204
 32.6000000000016 24.55838621051536
 32.650000000001604 25.2195796559811
 32.70000000000161 25.851309899793602
 32.75000000000161 25.541809981955303
 32.80000000000162 25.232020453070803
 32.85000000000162 25.82740241668619
 32.900000000001626 26.391424472733764
 32.95000000000163 26.922473883646234
 33.000000000001634 27.41914899784332
 33.05000000000164 27.880279522716716
 33.10000000000164 28.304940456679756
 33.15000000000165 28.692458945738302
 33.20000000000165 29.042413674938658
 33.250000000001656 28.73857918095546
 33.30000000000166 28.435202610401998
 33.350000000001664 28.756077522478886
 33.40000000000167 29.040360247110232
 33.45000000000167 29.288171886029332
 33.50000000000168 29.49982847064799
 33.55000000000168 29.675817303818118
 33.600000000001685 29.81677084468936
 33.65000000000169 29.923439978824355
 33.700000000001694 29.996668759832502
 33.7500000000017 30.037372907309596
 33.8000000000017 30.04652448377497
 33.85000000000171 29.811925991178093
 33.90000000000171 29.579611429248374
 33.950000000001715 29.34797645151382
 34.00000000000172 29.115572598760536
 34.050000000001724 28.8811273757226
 34.10000000000173 28.64355650358933
 34.15000000000173 28.680317679462398
 34.20000000000174 28.68955279319875
 34.25000000000174 28.67232879261038
 34.300000000001745 28.62977893485992
 34.35000000000175 28.56310939088948
 34.400000000001754 28.47361444415896
 34.45000000000176 28.36270061431768
 34.50000000000176 28.231919364385462
 34.550000000001766 28.078860191318416
 34.60000000000177 27.920364548334206
 34.650000000001775 27.755120769217104
 34.70000000000178 27.582049301968386
 34.75000000000178 27.400321976159823
 34.80000000000179 27.209365545262674
 34.85000000000179 27.00885252582727
 34.900000000001796 26.798682603819657
 34.9500000000018 26.578957768297926
 35.000000000001805 26.34995397276686
 35.05000000000181 26.11209162334781
 35.10000000000181 25.86590664287686
 35.15000000000182 25.61202333038644
 35.20000000000182 25.351129770710486
 35.250000000001826 25.08395617195373
 35.30000000000183 24.811256225070956
 35.350000000001835 24.53379138394007
 35.40000000000184 24.252317843362263
 35.45000000000184 24.256632989491088
 35.50000000000185 24.244981893384853
 35.55000000000185 24.218359722628623
 35.600000000001856 24.17779923152358
 35.65000000000186 24.124363983462707
 35.700000000001864 24.059142676493792
 35.75000000000187 23.983244440976804
 35.80000000000187 23.897794797749157
 35.85000000000188 23.80393177372237
 35.90000000000188 23.702801479752118
 35.950000000001886 23.446329215921452
 36.00000000000189 23.183366609452285
 36.050000000001894 22.915268183347955
 36.1000000000019 22.643312525698825
 36.1500000000019 22.368688746133103
 36.20000000000191 22.092488582867094
 36.25000000000191 21.815702830902175
 36.300000000001916 21.53922096186832
 36.35000000000192 21.263833019465082
 36.400000000001924 20.990233077465057
 36.45000000000193 20.71902372597562
 36.50000000000193 20.45072119975263
 36.55000000000194 20.341446822940366
 36.60000000000194 20.221248854417343
 36.650000000001945 20.09078879752116
 36.70000000000195 19.950712209471686
 36.750000000001954 19.801643784426798
 36.80000000000196 19.64418264197332
 36.85000000000196 19.372863332728922
 36.90000000000197 19.10703206749528
 36.95000000000197 18.936475019662314
 37.000000000001975 18.75745356222035
 37.05000000000198 18.570386371151454
 37.100000000001984 18.3756449752454
 37.15000000000199 18.10465724110051
 37.20000000000199 17.841944247066895
 37.250000000002 17.587655575330352
 37.300000000002 17.34184036992346
 37.350000000002005 17.1044633672659
 37.40000000000201 16.87541875994764
 37.450000000002014 16.658294146693667
 37.50000000000202 16.43133080232708
 37.55000000000202 16.1946375737303
 37.60000000000203 15.9482620013917
 37.65000000000203 15.724454752495944
 37.700000000002035 15.510982084142904
 37.75000000000204 15.307414357263632
 37.80000000000204 15.11329500357995
 37.85000000000205 14.928149385884959
 37.90000000000205 14.751492028896571
 37.950000000002056 14.582832571352006
 38.00000000000206 14.421680714403228
 38.050000000002065 14.26755037523671
 38.10000000000207 14.119963199756308
 38.15000000000207 13.97845154437538
 38.20000000000208 13.84256100376706
 38.25000000000208 13.711852537547635
 38.300000000002086 13.585904232758734
 38.35000000000209 13.464312729039664
 38.400000000002095 13.346694327994342
 38.4500000000021 13.127043212339252
 38.5000000000021 12.897668640188085
 38.55000000000211 12.658812329347835
 38.60000000000211 12.410699557922559
 38.650000000002116 12.315459643384228
 38.70000000000212 12.223853536349134
 38.750000000002125 12.13548312520686
 38.80000000000213 12.049978665617505
 38.85000000000213 11.966998144557142
 38.90000000000214 11.886226509279485
 38.95000000000214 11.807374771613226
 39.000000000002146 11.730179001205682
 39.05000000000215 11.654399223848747
 39.100000000002154 11.57981824273557
 39.15000000000216 11.506240401368215
 39.20000000000216 11.433490306913113
 39.25000000000217 11.237858903064181
 39.30000000000217 11.034731099674639
 39.350000000002176 10.824470148903963
 39.40000000000218 10.607442602240715
 39.450000000002184 10.384018380269957
 39.50000000000219 10.154571248454804
 39.55000000000219 10.113395981560327
 39.6000000000022 10.07228685484561
 39.6500000000022 9.84793792082579
 39.700000000002206 9.61851449435277
 39.75000000000221 9.384423575970265
 39.800000000002214 9.146081459628828
 39.85000000000222 8.903915724207879
 39.90000000000222 8.658367565924644
 39.95000000000223 8.409894436677773
 40.00000000000223 8.158972943009553
 40.050000000002235 7.906101949864501
 40.10000000000224 7.6518058226309975
 40.150000000002244 7.396637730081736
 40.20000000000225 7.141182919931263
 40.25000000000225 6.8860618682492065
 40.30000000000226 6.631933194829078
 40.35000000000226 6.379496230423623
 40.400000000002265 6.129493121025548
 40.45000000000227 5.882710362663557
 40.500000000002274 5.63997968218421
 40.55000000000228 5.704599510442025
 40.60000000000228 5.764508342823444
 40.65000000000229 5.819823442493983
 40.70000000000229 5.870664834503405
 40.750000000002295 5.917157146942613
 40.8000000000023 5.95943097543225
 40.850000000002304 5.997623727367698
 40.90000000000231 6.031879956676472
 40.95000000000231 6.0623512361942105
 41.000000000002316 6.0891956366945585
 41.05000000000232 5.898263543222585
 41.100000000002325 5.711861968311416
 41.15000000000233 5.530651778923305
 41.20000000000233 5.355308522132155
 41.25000000000234 5.186520716076
 41.30000000000234 5.024987680644637
 41.350000000002346 4.871416925438749
 41.40000000000235 4.726521135552482
 41.450000000002355 4.591014819714925
 41.50000000000236 4.465610707333224
 41.55000000000236 4.351015996304255
 41.60000000000237 4.247928555235568
 41.65000000000237 4.29383164274608
 41.700000000002376 4.334166297749156
 41.75000000000238 4.3692003027761945
 41.800000000002385 4.399204171546629
 41.85000000000239 4.306266386200866
 41.90000000000239 4.224337136494849
 41.9500000000024 4.247737959865255
 42.0000000000024 4.266489729429279
 42.050000000002406 4.280872475343142
 42.10000000000241 4.291175960424551
 42.150000000002414 4.297697676439118
 42.20000000000242 4.3007402336402425
 42.25000000000242 4.220211351882826
 42.30000000000243 4.149417662445367
 42.35000000000243 4.088707388300022
 42.400000000002436 4.038385603292985
 42.45000000000244 3.998707879863253
 42.500000000002444 3.9698733547218232
 42.55000000000245 3.9532717441093332
 42.60000000000245 3.9335122068898727
 42.65000000000246 3.9109049542191205
 42.70000000000246 3.885772648846897
 42.750000000002466 3.8584440848075143
 42.80000000000247 3.829248462327249
 42.850000000002474 3.798510377359431
 42.90000000000248 3.766545584434678
 42.95000000000248 3.733657543309375
 43.00000000000249 3.700134723292986
 43.05000000000249 3.666248612883345
 43.100000000002495 3.6322523650094065
 43.1500000000025 3.5983799982884723
 43.200000000002504 3.564846070798342
 43.25000000000251 3.5318457435887995
 43.30000000000251 3.4995551552893303
 43.35000000000252 3.419545263450037
 43.40000000000252 3.345991936200194
 43.450000000002525 3.2790441632013287
 43.50000000000253 3.2188179460735475
 43.550000000002534 3.171820270807095
 43.60000000000254 3.1262837863401804
 43.65000000000254 3.082360348027342
 43.70000000000255 3.0401814493322483
 43.75000000000255 2.9998595185063897
 43.800000000002555 2.961489275956608
 43.85000000000256 2.9251491032253485
 43.900000000002564 2.890902386181667
 43.95000000000257 2.8587988052567623
 44.00000000000257 2.828875554287715
 44.050000000002576 2.801158476771622
 44.10000000000258 2.7756631141523287
 44.150000000002585 2.6766527395735924
 44.20000000000259 2.5815832081097803
 44.25000000000259 2.490508981871488
 44.3000000000026 2.403455858703763
 44.3500000000026 2.320418985890264
 44.400000000002606 2.2413608598752885
 44.45000000000261 2.166209330526426
 44.500000000002615 2.094855631098905
 44.55000000000262 2.027152457913067
 44.60000000000262 1.962912126957162
 44.65000000000263 1.9019048383653576
 44.70000000000263 1.8438570842292052
 44.750000000002636 1.774693035232109
 44.80000000000264 1.7100226584187515
 44.850000000002645 1.6498099976819571
 44.90000000000265 1.5940056121501134
 44.95000000000265 1.5425487678639307
 45.00000000000266 1.4953692992488248
 45.05000000000266 1.4523891737098114
 45.100000000002666 1.4135237952256843
 45.15000000000267 1.3786830833062098
 45.200000000002674 1.347772362583242
 45.25000000000268 1.2538316499617137
 45.30000000000268 1.1614000542889478
 45.35000000000269 1.0702191279496904
 45.40000000000269 0.979991810221462
 45.450000000002696 0.8903811624140487
 45.5000000000027 0.801009248549003
 45.550000000002704 0.7114561962159424
 45.60000000000271 0.6212594770078569
 45.65000000000271 0.5715453507551997
 45.70000000000272 0.5270353851602596
 45.75000000000272 0.4875682893490373
 45.800000000002726 0.45298308865821413
 45.85000000000273 0.4231195246985962
 45.900000000002734 0.39781829456567874
 45.95000000000274 0.3769211795410202
 46.00000000000274 0.36027110425804115
 46.05000000000275 0.34771215865678434
 46.10000000000275 0.33908960728141074
 46.150000000002755 0.3342499036692953
 46.20000000000276 0.33304072177324645
 46.250000000002764 0.33531101153414955
 46.30000000000277 0.340911081831867
 46.35000000000277 0.3496927110144152
 46.40000000000278 0.361509282949995
 46.45000000000278 0.376215944965277
 46.500000000002785 0.3936697830180895
 46.55000000000279 0.2768210967185256
 46.600000000002794 0.1598409411849182
 46.6500000000028 4.252185313106616e-2
 46.7000000000028 -7.536659525182772e-2
 46.75000000000281 -5.620531184907749e-2
 46.80000000000281 -3.4260315136136005e-2
 46.850000000002815 -9.682300221383064e-3
 46.90000000000282 1.7380979249571934e-2
 46.950000000002824 4.678489203920851e-2
 47.00000000000283 7.83881127367813e-2
 47.05000000000283 0.11205280104999531
 47.10000000000284 0.14764477139350024
 47.15000000000284 0.18503364824057258
 47.200000000002845 0.22409300372001975
 47.25000000000285 0.2647004748961894
 47.30000000000285 0.30673785904312223
 47.35000000000286 0.3500911860001193
 47.40000000000286 0.3946507673683807
 47.450000000002866 0.4403112228750513
 47.50000000000287 0.4869714846950627
 47.550000000002875 0.5345347808880233
 47.60000000000288 0.5829085993852218
 47.65000000000288 0.6320046341596173
 47.70000000000289 0.6817387153393836
 47.75000000000289 0.7320307250930413
 47.800000000002896 0.7828045011311289
 47.8500000000029 0.8339877296448772
 47.900000000002905 0.8855118294448908
 47.95000000000291 0.9373118289798746
 48.00000000000291 0.9893262378046545
 48.05000000000292 0.8847096771023757
 48.10000000000292 0.7806368688862269
 48.150000000002926 0.8345296068704467
 48.20000000000293 0.8885372827470979
 48.250000000002935 0.9426066459489812
 48.30000000000294 0.9966875803554315
 48.35000000000294 1.0507329553840201
 48.40000000000295 1.104698478266607
 48.45000000000295 1.1585425483790266
 48.500000000002956 1.2122261143669917
 48.55000000000296 1.265712534692323
 48.600000000002964 1.3189674421144182
 48.65000000000297 1.3719586125218408
 48.70000000000297 1.4246558384385553
 48.75000000000298 1.477030807448193
 48.80000000000298 1.5290569857076948
 48.850000000002986 1.5807095066581651
 48.90000000000299 1.6319650649855089
 48.950000000002994 1.6828018158355251
 49.000000000003 1.7331992792390674
 49.050000000003 1.6457400935193598
 49.10000000000301 1.5588419972369343
 49.15000000000301 1.472585553104916
 49.200000000003016 1.3870469164443582
 49.25000000000302 1.3022977337559962
 49.300000000003024 1.2184050702420075
 49.35000000000303 1.1354313687280444
 49.40000000000303 1.053434442468572
 49.45000000000304 0.9724675043395421
 49.50000000000304 0.8925792349375569
 49.550000000003045 0.9509006877390107
 49.60000000000305 1.0086692486230378
 49.650000000003054 1.0658760092051391
 49.70000000000306 1.1225130669521715
 49.75000000000306 1.0469272687922608
 49.80000000000307 0.9725382340460239
 49.85000000000307 0.8993974194779398
 49.900000000003075 0.8275525703948474
 49.95000000000308 0.8866099411586779
 50.000000000003084 0.944997942671614
 50.05000000000309 1.0027174367461618
 50.10000000000309 1.0597697924034684
 50.1500000000031 1.1161568028931745
 50.2000000000031 1.1718806098666317
 50.250000000003105 1.1055771886660037
 50.30000000000311 1.0406929548843245
 50.350000000003114 0.9772851047538669
 50.40000000000312 0.915407918843504
 50.45000000000312 0.8551129681167356
 50.500000000003126 0.7964493566292923
 50.55000000000313 0.8552130140564563
 50.600000000003135 0.9131635486623504
 50.65000000000314 0.9703154931619044
 50.70000000000314 1.0266831368451477
 50.75000000000315 1.0822804777256743
 50.80000000000315 1.1371211807281845
 50.850000000003156 1.1912185414656404
 50.90000000000316 1.2445854551771267
 50.950000000003165 1.2972343904188595
 51.00000000000317 1.34917736712252
 51.05000000000317 1.400425938656839
 51.10000000000318 1.4509911775499278
 51.15000000000318 1.5008836645510384
 51.200000000003186 1.5501134807310106
 51.25000000000319 1.5986902023406488
 51.300000000003195 1.6466228981590907
 51.3500000000032 1.5966355656739077
 51.4000000000032 1.5482437973290692
 51.45000000000321 1.501523248126519
 51.50000000000321 1.4565472151444403
 51.550000000003216 1.4133867045106507
 51.60000000000322 1.3721105187168927
 51.650000000003224 1.33278536432258
 51.70000000000323 1.2954759798932538
 51.75000000000323 1.260245283791379
 51.80000000000324 1.2271545411844142
 51.85000000000324 1.1962635493563374
 51.900000000003246 1.1676308401036086
 51.95000000000325 1.1413138976645891
 52.000000000003254 1.1173693902728823
 52.05000000000326 1.0958534130407223
 52.10000000000326 1.0768217394739583
 52.15000000000327 1.1266246774751367
 52.20000000000327 1.1754942259854835
 52.250000000003276 1.223467683194323
 52.30000000000328 1.2705807281967707
 52.350000000003284 1.3168674545758583
 52.40000000000329 1.3623604051722868
 52.45000000000329 1.4070906077932845
 52.5000000000033 1.451087611641902
 52.5500000000033 1.494379524274705
 52.600000000003305 1.5369930489195829
 52.65000000000331 1.5789535220064475
 52.700000000003314 1.6202849507823702
 52.75000000000332 1.6610100508992793
 52.80000000000332 1.7011502838770405
 52.85000000000333 1.7407258943577246
 52.90000000000333 1.7797559470783617
 52.950000000003335 1.818258363499573
 53.00000000000334 1.856249958036399
 53.050000000003344 1.8937464738455334
 53.10000000000335 1.9307626181300197
 53.15000000000335 1.967312096928638
 53.20000000000336 2.0034076493625057
 53.25000000000336 2.039061081316142
 53.300000000003365 2.0742832985343975
 53.35000000000337 2.109084339120258
 53.400000000003374 2.1434734054217714
 53.45000000000338 2.1774588952990954
 53.50000000000338 2.211048432765211
 53.550000000003386 2.244248897995908
 53.60000000000339 2.2770664567066587
 53.650000000003395 2.3095065888955557
 53.7000000000034 2.341574116953038
 53.7500000000034 2.373273233140337
 53.80000000000341 2.4046075264397166
 53.85000000000341 2.4355800087805615
 53.900000000003416 2.4661931406461535
 53.95000000000342 2.4964488560667846
 54.000000000003425 2.5263485870054017
 54.05000000000343 2.5558932871425473
 54.10000000000343 2.5850834550678368
 54.15000000000344 2.613919156885526
 54.20000000000344 2.6424000482421106
 54.250000000003446 2.670525395784112
 54.30000000000345 2.6982940980544075
 54.350000000003455 2.725704705835658
 54.40000000000346 2.7527554419494566
 54.45000000000346 2.7794442205199217
 54.50000000000347 2.805768665710532
 54.55000000000347 2.8317261299429437
 54.600000000003476 2.857313711606604
 54.65000000000348 2.8825282722678853
 54.700000000003485 2.907366453387432
 54.75000000000349 2.9318246925543536
 54.80000000000349 2.9558992392457943
 54.8500000000035 2.9795861701203044
 54.9000000000035 3.002881403853387
 54.950000000003506 3.0257807155234
 55.00000000000351 3.0482797505559285
 55.050000000003514 3.070374038234604
 55.10000000000352 3.092059004786191
 55.15000000000352 3.1133299860476686
 55.20000000000353 3.1341822397228682
 55.25000000000353 3.1546109572361174
 55.300000000003536 3.1746112751901774
 55.35000000000354 3.194178286435684
 55.400000000003544 3.213307050759112
 55.45000000000355 3.2319926051961887
 55.50000000000355 3.250229973977606
 55.55000000000356 3.2680141781136323
 55.60000000000356 3.2853402446242863
 55.650000000003566 3.3022032154214895
 55.70000000000357 3.318598155849569
 55.750000000003574 3.3345201628903998
 55.80000000000358 3.349964373039339
 55.85000000000358 3.3649259698580556
 55.90000000000359 3.3794001912102654
 55.95000000000359 3.3933823361862987
 56.000000000003595 3.4068677717223697
 56.0500000000036 3.4198519389203357
 56.100000000003604 3.432330359073702
 56.15000000000361 3.4442986394055106
 56.20000000000361 3.455752478523803
 56.25000000000362 3.466687671600156
 56.30000000000362 3.477100115276904
 56.350000000003625 3.486985812308468
 56.40000000000363 3.4963408759423023
 56.450000000003634 3.505161534044831
 56.50000000000364 3.5134441329778068
 56.55000000000364 3.5211851412303807
 56.60000000000365 3.528381152812295
 56.65000000000365 3.535028890413402
 56.700000000003655 3.541125208334867
 56.75000000000366 3.5466670951972366
 56.800000000003664 3.551651676430638
 56.85000000000367 3.556076216552287
 56.90000000000367 3.5599381212364842
 56.950000000003676 3.56323493918227
 57.00000000000368 3.565964363783829
 57.050000000003685 3.5681242346087823
 57.10000000000369 3.569712538689442
 57.15000000000369 3.570727411632072
 57.2000000000037 3.5711671385491806
 57.2500000000037 3.5710301548198666
 57.300000000003706 3.570315046683165
 57.35000000000371 3.5690205516693494
 57.400000000003715 3.567145558874098
 57.45000000000372 3.564689109080396
 57.50000000000372 3.561650394733005
 57.55000000000373 3.558028759770337
 57.60000000000373 3.5538236993184578
 57.650000000003736 3.5490348592519703
 57.70000000000374 3.5436620356264514
 57.750000000003745 3.537705173987092
 57.80000000000375 3.531164368558105
 57.85000000000375 3.5240398613174824
 57.90000000000376 3.516332040961575
 57.95000000000376 3.50804144176393
 58.000000000003766 3.499168742332801
 58.05000000000377 3.4897147642716324
 58.100000000003774 3.4796804707468407
 58.15000000000378 3.4690669649670416
 58.20000000000378 3.45787548857796
 58.25000000000379 3.4461074199770554
 58.30000000000379 3.433764272551921
 58.350000000003796 3.4208476928464244
 58.4000000000038 3.407359458658487
 58.450000000003804 3.393301477073316
 58.50000000000381 3.378675782435886
 58.55000000000381 3.3634845342663415
 58.60000000000382 3.347730015121924
 58.65000000000382 3.3314146284090285
 58.700000000003826 3.314540896148798
 58.75000000000383 3.2971114566997053
 58.800000000003834 3.279129062440443
 58.85000000000384 3.2605965774163366
 58.90000000000384 3.2415169749525123
 58.95000000000385 3.2218933352368775
 59.00000000000385 3.201728842875952
 59.050000000003855 3.181026784426494
 59.10000000000386 3.1597905459057887
 59.150000000003864 3.1380236102833914
 59.20000000000387 3.1157295549570354
 59.25000000000387 3.092912049215349
 59.30000000000388 3.069574851689917
 59.35000000000388 3.0457218077992154
 59.400000000003885 3.0213568471867553
 59.45000000000389 2.9964839811558424
 59.500000000003894 2.9711073001031343
 59.5500000000039 2.945230970953219
 59.6000000000039 2.918859234596276
 59.65000000000391 2.891996403330911
 59.70000000000391 2.864646858314035
 59.750000000003915 2.8368150470197158
 59.80000000000392 2.808505480708819
 59.850000000003924 2.7797227319111415
 59.90000000000393 2.7504714319217003
 59.95000000000393 2.720756268312827
 60.000000000003936 2.690581982463508
